UID,N,ADEP,ADES,START,STOP,ARR,RWY
00b1fa-SAA234-2019-03-13-0,3297,FAGC,EGLL,2019-03-13T04:01:11Z,2019-03-13T06:21:40Z,TRUE,27L
00b1fa-SAA234-2019-03-13-0,3297,FAGC,EGLL,NA,NA,TRUE,27L
00b1fa-SAA235-2019-03-13-0,1672,EGLL,FABB,2019-03-13T18:28:22Z,2019-03-13T20:24:43Z,FALSE,NA
01013c-MSR777-2019-03-13-0,3172,NA,EGLL,2019-03-13T10:31:44Z,2019-03-13T13:00:52Z,TRUE,27L
01013c-MSR777-2019-03-13-0,3172,NA,EGLL,NA,NA,TRUE,27L
0101ba-MSR779-2019-03-13-0,2585,OMDB,EGLL,2019-03-13T17:52:31Z,2019-03-13T21:01:05Z,TRUE,27R
0101ba-MSR779-2019-03-13-0,2585,OMDB,EGLL,NA,NA,TRUE,27R
0101ba-MSR780-2019-03-13-0,1677,EGLL,NA,2019-03-13T22:37:16Z,2019-03-13T23:59:59Z,FALSE,NA
0101ba-MSR780-2019-03-13-0,1677,EGLL,NA,NA,NA,FALSE,NA
0200ed-RAM800F-2019-03-13-0,2689,NA,EGLL,2019-03-13T14:59:23Z,2019-03-13T16:10:56Z,TRUE,27R
0200ed-RAM800F-2019-03-13-0,2689,NA,EGLL,NA,NA,TRUE,27R
0200ed-RAM801F-2019-03-13-0,1712,EGLL,NA,2019-03-13T17:35:41Z,2019-03-13T18:29:19Z,FALSE,NA
0200ed-RAM801F-2019-03-13-0,1712,EGLL,NA,NA,NA,FALSE,NA
04014b-ETH700-2019-03-13-0,3468,NA,EGLL,2019-03-13T02:26:10Z,2019-03-13T06:30:58Z,TRUE,27L
04014b-ETH700-2019-03-13-0,3468,NA,EGLL,NA,NA,TRUE,27L
04c11c-KQA0101-2019-03-13-0,1594,EGLL,NA,2019-03-13T17:45:51Z,2019-03-13T19:51:18Z,FALSE,NA
04c11c-KQA0101-2019-03-13-0,1594,EGLL,NA,NA,NA,FALSE,NA
04c11c-KQA100-2019-03-13-0,2494,NA,EGLL,2019-03-13T12:43:21Z,2019-03-13T15:02:28Z,TRUE,27R
04c11c-KQA100-2019-03-13-0,2494,NA,EGLL,NA,NA,TRUE,27R
06a014-A7HHJ-2019-03-13-0,2700,LSZH,EGLL,2019-03-13T16:35:39Z,2019-03-13T18:11:53Z,TRUE,27R
06a014-A7HHJ-2019-03-13-0,2700,LSZH,EGLL,NA,NA,TRUE,27R
06a0e4-QTR001-2019-03-13-0,2571,OTHH,EGLL,2019-03-13T13:34:59Z,2019-03-13T17:18:57Z,TRUE,27R
06a0e4-QTR001-2019-03-13-0,2571,OTHH,EGLL,NA,NA,TRUE,27R
06a0e4-QTR002-2019-03-13-0,1757,EGLL,OTHH,2019-03-13T21:21:34Z,2019-03-13T23:59:59Z,FALSE,NA
06a11e-QTR007-2019-03-13-0,3175,OTHH,EGLL,2019-03-13T09:06:07Z,2019-03-13T13:02:26Z,TRUE,27L
06a11e-QTR007-2019-03-13-0,3175,OTHH,EGLL,NA,NA,TRUE,27L
06a11e-QTR9KP-2019-03-13-0,1733,EGLL,OTHH,2019-03-13T15:27:37Z,2019-03-13T18:46:20Z,FALSE,NA
06a121-QTR1BA-2019-03-13-0,1659,EGLL,OTHH,2019-03-13T22:07:17Z,2019-03-13T23:59:59Z,FALSE,NA
06a121-QTR5ML-2019-03-13-0,2387,OTHH,EGLL,2019-03-13T16:16:34Z,2019-03-13T19:58:38Z,TRUE,27R
06a147-QTR13VP-2019-03-13-0,1840,EGLL,OTHH,2019-03-13T09:45:16Z,2019-03-13T12:59:59Z,FALSE,NA
06a147-QTR13VP-2019-03-13-0,1840,EGLL,OTHH,NA,NA,FALSE,NA
06a147-QTR5DR-2019-03-13-0,3420,OTHH,EGLL,2019-03-13T02:18:24Z,2019-03-13T06:24:47Z,TRUE,27L
06a147-QTR5DR-2019-03-13-0,3420,OTHH,EGLL,NA,NA,TRUE,27L
06a14a-QTR004-2019-03-13-0,1691,EGLL,OTHH,2019-03-13T14:45:07Z,2019-03-13T17:55:38Z,FALSE,NA
06a14a-QTR004-2019-03-13-0,1691,EGLL,OTHH,NA,NA,FALSE,NA
06a14a-QTR2NX-2019-03-13-0,3569,OTHH,EGLL,2019-03-13T08:18:59Z,2019-03-13T12:22:20Z,TRUE,27L
06a14a-QTR2NX-2019-03-13-0,3569,OTHH,EGLL,NA,NA,TRUE,27L
06a1a5-QTR8293-2019-03-13-0,2445,OTHH,EGLL,2019-03-13T11:57:27Z,2019-03-13T15:51:29Z,TRUE,27R
06a1a5-QTR8294-2019-03-13-0,1895,EGLL,LSZM,2019-03-13T18:10:00Z,2019-03-13T19:20:18Z,FALSE,NA
06a2af-QTR006-2019-03-13-0,1728,EGLL,OTHH,2019-03-13T08:08:38Z,2019-03-13T11:32:42Z,FALSE,NA
06a2b3-QTR005-2019-03-13-0,2746,OTHH,EGLL,2019-03-13T17:41:57Z,2019-03-13T21:34:02Z,TRUE,27R
06a2b3-QTR005-2019-03-13-0,2746,OTHH,EGLL,NA,NA,TRUE,27R
300067-AZA201-2019-03-13-0,1774,EGLL,LIRF,2019-03-13T07:28:48Z,2019-03-13T09:18:20Z,FALSE,NA
300067-AZA207-2019-03-13-0,1708,EGLL,LIRF,2019-03-13T17:13:16Z,2019-03-13T19:04:43Z,FALSE,NA
300067-AZA97U-2019-03-13-0,2530,LIRF,EGLL,2019-03-13T13:31:13Z,2019-03-13T15:45:16Z,TRUE,27R
300092-AZA211-2019-03-13-0,1692,EGLL,LIRF,2019-03-13T13:17:57Z,2019-03-13T15:10:35Z,FALSE,NA
300092-AZA58Y-2019-03-13-0,3718,LIRF,EGLL,2019-03-13T09:01:02Z,2019-03-13T11:35:55Z,TRUE,27L
300092-AZA58Y-2019-03-13-0,3718,LIRF,EGLL,NA,NA,TRUE,27L
34134e-IBE31CW-2019-03-13-0,1800,EGLL,LEMD,2019-03-13T12:10:46Z,2019-03-13T13:07:27Z,FALSE,NA
34134e-IBE31YL-2019-03-13-0,3897,LEMD,EGLL,2019-03-13T08:58:58Z,2019-03-13T10:44:36Z,TRUE,27L
34134e-IBE31YL-2019-03-13-0,3897,LEMD,EGLL,NA,NA,TRUE,27L
3420cc-IBE3162-2019-03-13-0,3778,LEMD,EGLL,2019-03-13T08:17:10Z,2019-03-13T09:59:16Z,TRUE,27L
3420cc-IBE3162-2019-03-13-0,3778,LEMD,EGLL,NA,NA,TRUE,27L
3420cc-IBE31KT-2019-03-13-0,1674,EGLL,LEMD,2019-03-13T11:21:29Z,2019-03-13T12:16:09Z,FALSE,NA
34230c-IBE3171-2019-03-13-0,1619,EGLL,LEMD,2019-03-13T20:06:35Z,2019-03-13T20:59:33Z,FALSE,NA
34230c-IBE31MB-2019-03-13-0,2808,LEMD,EGLL,2019-03-13T16:32:31Z,2019-03-13T17:59:12Z,TRUE,27R
34440c-VLG41TT-2019-03-13-0,1602,EGLL,LELL,2019-03-13T19:44:43Z,2019-03-13T21:01:09Z,FALSE,NA
34440c-VLG41TT-2019-03-13-0,1602,EGLL,LELL,NA,NA,FALSE,NA
34440c-VLG78AL-2019-03-13-0,3135,LEBL,EGLL,2019-03-13T16:13:20Z,2019-03-13T18:20:51Z,TRUE,27R
34440c-VLG78AL-2019-03-13-0,3135,LEBL,EGLL,NA,NA,TRUE,27R
344417-IBE3170-2019-03-13-0,3534,LEMD,EGLL,2019-03-13T06:54:04Z,2019-03-13T08:33:15Z,TRUE,27L
344417-IBE3170-2019-03-13-0,3534,LEMD,EGLL,NA,NA,TRUE,27L
344417-IBE31SH-2019-03-13-0,1848,EGLL,LEMD,2019-03-13T10:10:03Z,2019-03-13T11:09:47Z,FALSE,NA
344501-VLG7104-2019-03-13-0,2773,NA,EGLL,2019-03-13T18:26:08Z,2019-03-13T19:24:41Z,TRUE,27R
344501-VLG7104-2019-03-13-0,2773,NA,EGLL,NA,NA,TRUE,27R
344501-VLG7105-2019-03-13-0,1686,EGLL,NA,2019-03-13T20:44:32Z,2019-03-13T21:18:29Z,FALSE,NA
344501-VLG7105-2019-03-13-0,1686,EGLL,NA,NA,NA,FALSE,NA
34508a-IBE3180-2019-03-13-0,2906,LEMD,EGLL,2019-03-13T16:57:15Z,2019-03-13T18:30:35Z,TRUE,27R
34508a-IBE3180-2019-03-13-0,2906,LEMD,EGLL,NA,NA,TRUE,27R
34508a-IBE31DH-2019-03-13-0,1662,EGLL,LEMD,2019-03-13T19:56:32Z,2019-03-13T20:56:45Z,FALSE,NA
34508a-IBE31DH-2019-03-13-0,1662,EGLL,LEMD,NA,NA,FALSE,NA
34604e-IBE31DG-2019-03-13-0,2834,LEMD,EGLL,2019-03-13T15:46:12Z,2019-03-13T17:12:41Z,TRUE,27R
34604e-IBE31DG-2019-03-13-0,2834,LEMD,EGLL,NA,NA,TRUE,27R
34604e-IBE31PG-2019-03-13-0,1676,EGLL,LEMD,2019-03-13T19:09:26Z,2019-03-13T19:59:59Z,FALSE,NA
3944ea-AFR158M-2019-03-13-0,2669,EGLL,LFPG,2019-03-13T12:18:24Z,2019-03-13T13:02:52Z,FALSE,NA
3944ea-AFR158M-2019-03-13-0,2669,EGLL,LFPG,NA,NA,FALSE,NA
3944ea-AFR63UM-2019-03-13-0,2761,EGLL,LFPG,2019-03-13T06:47:03Z,2019-03-13T07:33:59Z,FALSE,NA
3944ea-AFR63UM-2019-03-13-0,2761,EGLL,LFPG,NA,NA,FALSE,NA
3944ea-AFR92YH-2019-03-13-0,4203,LFPG,EGLL,2019-03-13T09:46:19Z,2019-03-13T10:56:21Z,TRUE,27L
3944ea-AFR92YH-2019-03-13-0,4203,LFPG,EGLL,NA,NA,TRUE,27L
3944f1-AFR138L-2019-03-13-0,2987,LFPG,EGLL,2019-03-13T20:46:05Z,2019-03-13T21:35:52Z,TRUE,27R
3944f1-AFR138L-2019-03-13-0,2987,LFPG,EGLL,NA,NA,TRUE,27R
3944f1-AFR1680-2019-03-13-0,3110,LFPG,EGLL,2019-03-13T06:53:28Z,2019-03-13T07:45:17Z,TRUE,27L
3944f1-AFR1680-2019-03-13-0,3110,LFPG,EGLL,NA,NA,TRUE,27L
3944f1-AFR94ZV-2019-03-13-0,2722,EGLL,LFPG,2019-03-13T09:21:08Z,2019-03-13T10:06:29Z,FALSE,NA
3944f1-AFR94ZV-2019-03-13-0,2722,EGLL,LFPG,NA,NA,FALSE,NA
3946e3-AFR95TT-2019-03-13-0,3001,LFPG,EGLL,2019-03-13T18:29:18Z,2019-03-13T19:19:18Z,TRUE,27R
3946e3-AFR95TT-2019-03-13-0,3001,LFPG,EGLL,NA,NA,TRUE,27R
3946e9-AFR61BX-2019-03-13-0,2735,EGLL,LFPG,2019-03-13T06:40:32Z,2019-03-13T07:29:59Z,FALSE,NA
3946e9-AFR61BX-2019-03-13-0,2735,EGLL,LFPG,NA,NA,FALSE,NA
39840b-TAP1358-2019-03-13-0,2763,LPAR,EGLL,2019-03-13T20:28:53Z,2019-03-13T21:28:48Z,TRUE,27R
39840b-TAP1358-2019-03-13-0,2763,LPAR,EGLL,NA,NA,TRUE,27R
3991e0-AFR118F-2019-03-13-0,2237,EGLL,LFPG,2019-03-13T21:09:00Z,2019-03-13T21:46:17Z,FALSE,NA
3991e0-AFR38EH-2019-03-13-0,3153,LFPG,EGLL,2019-03-13T18:45:49Z,2019-03-13T19:38:21Z,TRUE,27R
3991e0-AFR38EH-2019-03-13-0,3153,LFPG,EGLL,NA,NA,TRUE,27R
3991e9-AFR23GC-2019-03-13-0,2707,LFPG,EGLL,2019-03-13T15:58:23Z,2019-03-13T16:43:29Z,TRUE,27R
3991e9-AFR23GC-2019-03-13-0,2707,LFPG,EGLL,NA,NA,TRUE,27R
3991e9-AFR49TN-2019-03-13-0,2742,EGLL,LFPG,2019-03-13T18:13:55Z,2019-03-13T19:01:49Z,FALSE,NA
3991e9-AFR49TN-2019-03-13-0,2742,EGLL,LFPG,NA,NA,FALSE,NA
3c48f1-EWG12H-2019-03-13-0,2386,EDDL,EGLL,2019-03-13T15:43:15Z,2019-03-13T16:38:53Z,TRUE,27R
3c48f1-EWG12H-2019-03-13-0,2386,EDDL,EGLL,NA,NA,TRUE,27R
3c48f1-EWG7PY-2019-03-13-0,1961,EGLL,EDDL,2019-03-13T17:41:46Z,2019-03-13T18:36:28Z,FALSE,NA
3c48f1-EWG7PY-2019-03-13-0,1961,EGLL,EDDL,NA,NA,FALSE,NA
3c4b4b-EWG6GC-2019-03-13-0,3946,EDDL,EGLL,2019-03-13T10:22:41Z,2019-03-13T11:44:26Z,TRUE,27L
3c4b4b-EWG6GC-2019-03-13-0,3946,EDDL,EGLL,NA,NA,TRUE,27L
3c4b4b-EWG9P-2019-03-13-0,1959,EGLL,EDDL,2019-03-13T12:46:23Z,2019-03-13T13:48:24Z,FALSE,NA
3c4b4b-EWG9P-2019-03-13-0,1959,EGLL,EDDL,NA,NA,FALSE,NA
3c5424-BCS834-2019-03-13-0,2864,LIMC,EGLL,2019-03-13T18:49:03Z,2019-03-13T20:43:49Z,TRUE,27R
3c5424-BCS834-2019-03-13-0,2864,LIMC,EGLL,NA,NA,TRUE,27R
3c5424-BCS836-2019-03-13-0,1828,EGLL,EDCT,2019-03-13T23:21:03Z,2019-03-13T23:59:59Z,FALSE,NA
3c5427-BCS2665-2019-03-13-0,2220,EGLL,EBMB,2019-03-13T22:49:45Z,2019-03-13T23:29:02Z,FALSE,NA
3c5427-BCS2665-2019-03-13-0,2220,EGLL,EBMB,NA,NA,FALSE,NA
3c5427-BCS6773-2019-03-13-0,2662,NA,EGLL,2019-03-13T19:37:33Z,2019-03-13T20:39:28Z,TRUE,27R
3c5427-BCS6773-2019-03-13-0,2662,NA,EGLL,NA,NA,TRUE,27R
3c542a-BCS2217-2019-03-13-0,1770,EGLL,EDCT,2019-03-13T23:01:15Z,2019-03-13T23:59:59Z,FALSE,NA
3c542a-BCS6757-2019-03-13-0,2681,LIMC,EGLL,2019-03-13T19:11:16Z,2019-03-13T20:51:23Z,TRUE,27R
3c542d-BCS2217-2019-03-13-0,1898,EGLL,EDOX,2019-03-13T08:14:40Z,2019-03-13T09:23:24Z,FALSE,NA
3c56f0-EWG1AT-2019-03-13-0,2807,EDDL,EGLL,2019-03-13T17:23:51Z,2019-03-13T18:26:28Z,TRUE,27R
3c56f0-EWG1AT-2019-03-13-0,2807,EDDL,EGLL,NA,NA,TRUE,27R
3c56f0-EWG48A-2019-03-13-0,1969,EGLL,EDDL,2019-03-13T19:45:44Z,2019-03-13T20:37:42Z,FALSE,NA
3c56f0-EWG48A-2019-03-13-0,1969,EGLL,EDDL,NA,NA,FALSE,NA
3c5ee4-EWG6VP-2019-03-13-0,3546,EDDL,EGLL,2019-03-13T06:00:28Z,2019-03-13T07:14:26Z,TRUE,27L
3c5ee4-EWG6VP-2019-03-13-0,3546,EDDL,EGLL,NA,NA,TRUE,27L
3c5ee4-EWG8JM-2019-03-13-0,2001,EGLL,EDDL,2019-03-13T08:18:48Z,2019-03-13T09:17:47Z,FALSE,NA
3c5ee6-EWG4C-2019-03-13-0,3041,EDDH,EGLL,2019-03-13T12:28:45Z,2019-03-13T13:52:59Z,TRUE,27L
3c5ee6-EWG5JE-2019-03-13-0,2030,EGLL,EDDH,2019-03-13T15:03:12Z,2019-03-13T16:16:23Z,FALSE,NA
3c5eea-EWG464-2019-03-13-0,2538,EDDK,EGLL,2019-03-13T13:48:19Z,2019-03-13T14:43:18Z,TRUE,27L
3c5eea-EWG5JZ-2019-03-13-0,1920,EGLL,EDDK,2019-03-13T16:09:53Z,2019-03-13T17:05:48Z,FALSE,NA
3c5eeb-EWG2LY-2019-03-13-0,1921,EGLL,EDKB,2019-03-13T20:18:30Z,2019-03-13T21:12:47Z,FALSE,NA
3c5eeb-EWG468-2019-03-13-0,2394,EDDK,EGLL,2019-03-13T17:58:31Z,2019-03-13T18:54:55Z,TRUE,27R
3c6593-DLH6U-2019-03-13-0,1776,EGLL,EDDF,2019-03-13T07:40:39Z,2019-03-13T08:49:22Z,FALSE,NA
3c6593-DLH6U-2019-03-13-0,1776,EGLL,EDDF,NA,NA,FALSE,NA
3c65c4-DLH4H-2019-03-13-0,1774,EGLL,EDDF,2019-03-13T16:39:30Z,2019-03-13T17:54:28Z,FALSE,NA
3c65c4-DLH4H-2019-03-13-0,1774,EGLL,EDDF,NA,NA,FALSE,NA
3c65c4-DLH6HY-2019-03-13-0,2745,EDDF,EGLL,2019-03-13T19:29:08Z,2019-03-13T20:45:16Z,TRUE,27R
3c65c4-DLH6HY-2019-03-13-0,2745,EDDF,EGLL,NA,NA,TRUE,27R
3c65c4-DLH910-2019-03-13-0,2678,EDDF,EGLL,2019-03-13T14:21:46Z,2019-03-13T15:40:17Z,TRUE,27R
3c65c4-DLH910-2019-03-13-0,2678,EDDF,EGLL,NA,NA,TRUE,27R
3c65c5-DLH1U-2019-03-13-0,1794,EGLL,EDDF,2019-03-13T15:23:10Z,2019-03-13T16:26:55Z,FALSE,NA
3c65c5-DLH5H-2019-03-13-0,1792,EGLL,EDDF,2019-03-13T08:50:21Z,2019-03-13T10:09:18Z,FALSE,NA
3c65c5-DLH5H-2019-03-13-0,1792,EGLL,EDDF,NA,NA,FALSE,NA
3c65c5-DLH9VT-2019-03-13-0,3138,EDDF,EGLL,2019-03-13T12:27:00Z,2019-03-13T14:02:50Z,TRUE,27L
3c65c5-DLH9VT-2019-03-13-0,3138,EDDF,EGLL,NA,NA,TRUE,27L
3c65c5-DLH9XV-2019-03-13-0,3461,EDDF,EGLL,2019-03-13T06:02:03Z,2019-03-13T07:40:53Z,TRUE,27L
3c65c5-DLH9XV-2019-03-13-0,3461,EDDF,EGLL,NA,NA,TRUE,27L
3c65c8-DLH9H-2019-03-13-0,1756,EGLL,EDDF,2019-03-13T06:49:58Z,2019-03-13T07:55:42Z,FALSE,NA
3c65c8-DLH9H-2019-03-13-0,1756,EGLL,EDDF,NA,NA,FALSE,NA
3c65ca-DLH900-2019-03-13-0,3835,EDDF,EGLL,2019-03-13T07:17:51Z,2019-03-13T08:55:43Z,TRUE,27L
3c65ca-DLH900-2019-03-13-0,3835,EDDF,EGLL,NA,NA,TRUE,27L
3c65ca-DLH9U-2019-03-13-0,1739,EGLL,EDDF,2019-03-13T10:02:40Z,2019-03-13T11:11:26Z,FALSE,NA
3c65cb-DLH7H-2019-03-13-0,1835,EGLL,EDDF,2019-03-13T11:19:06Z,2019-03-13T12:27:35Z,FALSE,NA
3c65cb-DLH902-2019-03-13-0,3633,EDDF,EGLL,2019-03-13T08:41:33Z,2019-03-13T10:16:46Z,TRUE,27L
3c65cb-DLH902-2019-03-13-0,3633,EDDF,EGLL,NA,NA,TRUE,27L
3c65cd-DLH1YA-2019-03-13-0,2638,EDDF,EGLL,2019-03-13T17:23:07Z,2019-03-13T18:42:21Z,TRUE,27R
3c65cd-DLH1YA-2019-03-13-0,2638,EDDF,EGLL,NA,NA,TRUE,27R
3c65cd-DLH8U-2019-03-13-0,1667,EGLL,EDDF,2019-03-13T20:01:30Z,2019-03-13T21:16:29Z,FALSE,NA
3c65ce-DLH3U-2019-03-13-0,1807,EGLL,EDDF,2019-03-13T15:48:00Z,2019-03-13T17:05:14Z,FALSE,NA
3c65ce-DLH3U-2019-03-13-0,1807,EGLL,EDDF,NA,NA,FALSE,NA
3c65ce-DLH908-2019-03-13-0,2319,EDDF,EGLL,2019-03-13T13:27:30Z,2019-03-13T14:35:25Z,TRUE,27L
3c65ce-DLH908-2019-03-13-0,2319,EDDF,EGLL,NA,NA,TRUE,27L
3c65d4-DLH3H-2019-03-13-0,1752,EGLL,EDDF,2019-03-13T18:47:25Z,2019-03-13T19:59:21Z,FALSE,NA
3c65d4-DLH3H-2019-03-13-0,1752,EGLL,EDDF,NA,NA,FALSE,NA
3c65d4-DLH9AF-2019-03-13-0,2733,EDDF,EGLL,2019-03-13T15:59:31Z,2019-03-13T17:33:57Z,TRUE,27R
3c65d4-DLH9AF-2019-03-13-0,2733,EDDF,EGLL,NA,NA,TRUE,27R
3c660d-DLH9TY-2019-03-13-0,2373,EDDM,EGLL,2019-03-13T18:50:32Z,2019-03-13T20:25:18Z,TRUE,27R
3c660d-DLH9TY-2019-03-13-0,2373,EDDM,EGLL,NA,NA,TRUE,27R
3c66b1-DLH6EK-2019-03-13-0,1774,EGLL,EDDM,2019-03-13T12:01:04Z,2019-03-13T13:24:51Z,FALSE,NA
3c66b1-DLH8NL-2019-03-13-0,3945,EDDM,EGLL,2019-03-13T08:48:33Z,2019-03-13T10:48:59Z,TRUE,27L
3c66b1-DLH8NL-2019-03-13-0,3945,EDDM,EGLL,NA,NA,TRUE,27L
3c66b2-DLH4HU-2019-03-13-0,3633,EDDM,EGLL,2019-03-13T06:03:28Z,2019-03-13T08:04:26Z,TRUE,27L
3c66b2-DLH4HU-2019-03-13-0,3633,EDDM,EGLL,NA,NA,TRUE,27L
3c66b2-DLH9JT-2019-03-13-0,1800,EGLL,EDDM,2019-03-13T09:05:01Z,2019-03-13T10:27:49Z,FALSE,NA
3c66b3-DLH2HH-2019-03-13-0,2652,EDDM,EGLL,2019-03-13T14:23:02Z,2019-03-13T15:58:41Z,TRUE,27R
3c66b3-DLH2XY-2019-03-13-0,1741,EGLL,EDDM,2019-03-13T17:07:21Z,2019-03-13T18:30:50Z,FALSE,NA
3c66b4-DLH5LW-2019-03-13-0,2413,EDDM,EGLL,2019-03-13T20:57:06Z,2019-03-13T22:30:36Z,TRUE,27R
3c66b4-DLH5LW-2019-03-13-0,2413,EDDM,EGLL,NA,NA,TRUE,27R
3c66b4-DLH7WA-2019-03-13-0,3382,EDDM,EGLL,2019-03-13T11:16:07Z,2019-03-13T13:04:21Z,TRUE,27L
3c66b4-DLH7WA-2019-03-13-0,3382,EDDM,EGLL,NA,NA,TRUE,27L
3c66b4-DLH8JW-2019-03-13-0,1757,EGLL,EDDM,2019-03-13T14:05:34Z,2019-03-13T15:32:57Z,FALSE,NA
3c66b7-DLH1FL-2019-03-13-0,1857,EGLL,EDDM,2019-03-13T06:56:08Z,2019-03-13T08:18:53Z,FALSE,NA
3c66b7-DLH1FL-2019-03-13-0,1857,EGLL,EDDM,NA,NA,FALSE,NA
3c66b7-DLH1TU-2019-03-13-0,1793,EGLL,EDDM,2019-03-13T17:53:31Z,2019-03-13T19:16:43Z,FALSE,NA
3c66b7-DLH1TU-2019-03-13-0,1793,EGLL,EDDM,NA,NA,FALSE,NA
3c66b7-DLH2MH-2019-03-13-0,2413,EDDM,EGLL,2019-03-13T15:03:30Z,2019-03-13T16:41:58Z,TRUE,27R
3c66b9-DLH4PH-2019-03-13-0,1676,EGLL,EDDM,2019-03-13T20:34:32Z,2019-03-13T21:52:49Z,FALSE,NA
3c66b9-DLH4PH-2019-03-13-0,1676,EGLL,EDDM,NA,NA,FALSE,NA
3c66b9-DLH6LX-2019-03-13-0,1808,EGLL,EDDM,2019-03-13T08:04:17Z,2019-03-13T09:30:57Z,FALSE,NA
3c66b9-DLH8JR-2019-03-13-0,2607,EDDM,EGLL,2019-03-13T17:36:08Z,2019-03-13T19:12:28Z,TRUE,27R
3c66b9-DLH8JR-2019-03-13-0,2607,EDDM,EGLL,NA,NA,TRUE,27R
3c66e4-DLH2FN-2019-03-13-0,3657,EDDF,EGLL,2019-03-13T10:35:32Z,2019-03-13T12:10:58Z,TRUE,27L
3c66e4-DLH2FN-2019-03-13-0,3657,EDDF,EGLL,NA,NA,TRUE,27L
3c66e4-DLH2U-2019-03-13-0,1734,EGLL,EDDF,2019-03-13T17:42:37Z,2019-03-13T18:42:59Z,FALSE,NA
3c66e4-DLH2U-2019-03-13-0,1734,EGLL,EDDF,NA,NA,FALSE,NA
3c66e4-DLH5U-2019-03-13-0,1682,EGLL,EDDF,2019-03-13T13:04:03Z,2019-03-13T14:18:24Z,FALSE,NA
3c66e4-DLH6AN-2019-03-13-0,2544,EDDF,EGLL,2019-03-13T15:08:12Z,2019-03-13T16:25:59Z,TRUE,27R
3c66e4-DLH6AN-2019-03-13-0,2544,EDDF,EGLL,NA,NA,TRUE,27R
3c66e4-DLH922-2019-03-13-0,2890,EDDF,EGLL,2019-03-13T20:35:39Z,2019-03-13T22:04:18Z,TRUE,27R
3c66e4-DLH922-2019-03-13-0,2890,EDDF,EGLL,NA,NA,TRUE,27R
3c6dd0-EWG30N-2019-03-13-0,3385,EDDT,EGLL,2019-03-13T06:45:59Z,2019-03-13T08:32:07Z,TRUE,27L
3c6dd0-EWG30N-2019-03-13-0,3385,EDDT,EGLL,NA,NA,TRUE,27L
3c6dd0-EWG6TN-2019-03-13-0,1860,EGLL,EDDT,2019-03-13T15:01:04Z,2019-03-13T16:19:46Z,FALSE,NA
3c6dd0-EWG7XL-2019-03-13-0,1919,EGLL,EDDT,2019-03-13T09:39:43Z,2019-03-13T11:12:44Z,FALSE,NA
3c6dd0-EWG7XL-2019-03-13-0,1919,EGLL,EDDT,NA,NA,FALSE,NA
3c6dd0-EWG9TV-2019-03-13-0,2895,EDDT,EGLL,2019-03-13T12:05:14Z,2019-03-13T13:43:22Z,TRUE,27L
3c6dd0-EWG9TV-2019-03-13-0,2895,EDDT,EGLL,NA,NA,TRUE,27L
3c6dd3-EWG7465-2019-03-13-0,1941,EGLL,EDDH,2019-03-13T09:01:42Z,2019-03-13T10:12:26Z,FALSE,NA
3c6dd3-EWG79R-2019-03-13-0,3315,EDDH,EGLL,2019-03-13T06:40:10Z,2019-03-13T08:09:26Z,TRUE,27L
3c6dd3-EWG79R-2019-03-13-0,3315,EDDH,EGLL,NA,NA,TRUE,27L
3c6dd4-EWG5AW-2019-03-13-0,1953,EGLL,EDDH,2019-03-13T19:43:24Z,2019-03-13T20:53:48Z,FALSE,NA
3c6dd4-EWG5AW-2019-03-13-0,1953,EGLL,EDDH,NA,NA,FALSE,NA
3c6dd4-EWG5PK-2019-03-13-0,2538,EDDH,EGLL,2019-03-13T17:18:01Z,2019-03-13T18:33:17Z,TRUE,27R
3c6dd4-EWG5PK-2019-03-13-0,2538,EDDH,EGLL,NA,NA,TRUE,27R
3c6dd5-EWG1ZB-2019-03-13-0,2740,EDDT,EGLL,2019-03-13T16:45:12Z,2019-03-13T18:19:44Z,TRUE,27R
3c6dd5-EWG1ZB-2019-03-13-0,2740,EDDT,EGLL,NA,NA,TRUE,27R
3c6dd5-EWG9ZA-2019-03-13-0,1910,EGLL,EDDT,2019-03-13T19:36:16Z,2019-03-13T21:04:11Z,FALSE,NA
3c6dd5-EWG9ZA-2019-03-13-0,1910,EGLL,EDDT,NA,NA,FALSE,NA
40040d-BAW38P-2019-03-13-0,2373,KPHX,EGLL,2019-03-13T12:43:15Z,2019-03-13T13:50:50Z,TRUE,27L
40040d-BAW5VY-2019-03-13-0,2111,EGLL,CYVR,2019-03-13T18:09:08Z,2019-03-13T19:24:15Z,FALSE,NA
4004c7-BAW58L-2019-03-13-0,2685,NA,EGLL,2019-03-13T03:20:38Z,2019-03-13T04:40:05Z,TRUE,27R
4004c7-BAW58L-2019-03-13-0,2685,NA,EGLL,NA,NA,TRUE,27R
40054d-BAW274-2019-03-13-0,2242,KLAS,EGLL,2019-03-13T13:04:10Z,2019-03-13T14:13:42Z,TRUE,27L
40054d-BAW274-2019-03-13-0,2242,KLAS,EGLL,NA,NA,TRUE,27L
40057d-BAW207-2019-03-13-0,1698,EGLL,KOPF,2019-03-13T10:06:05Z,2019-03-13T10:44:29Z,FALSE,NA
40057d-BAW78-2019-03-13-0,2500,NA,EGLL,2019-03-13T02:58:34Z,2019-03-13T05:15:42Z,TRUE,27R
40057d-BAW78-2019-03-13-0,2500,NA,EGLL,NA,NA,TRUE,27R
40058a-BAW124-2019-03-13-0,3494,OBBI,EGLL,2019-03-13T02:13:48Z,2019-03-13T06:22:55Z,TRUE,27R
40058a-BAW124-2019-03-13-0,3494,OBBI,EGLL,NA,NA,TRUE,27R
40058a-BAW185-2019-03-13-0,1989,EGLL,KEWR,2019-03-13T11:27:24Z,2019-03-13T12:41:36Z,FALSE,NA
40058a-BAW185-2019-03-13-0,1989,EGLL,KEWR,NA,NA,FALSE,NA
40058b-BAW263-2019-03-13-0,1685,EGLL,OETH,2019-03-13T14:31:01Z,2019-03-13T16:27:15Z,FALSE,NA
40058c-BAW125-2019-03-13-0,1847,EGLL,OBBI,2019-03-13T13:19:13Z,2019-03-13T16:43:58Z,FALSE,NA
40058c-BAW80G-2019-03-13-0,3057,NA,EGLL,2019-03-13T07:17:26Z,2019-03-13T08:37:51Z,TRUE,27L
40058c-BAW80G-2019-03-13-0,3057,NA,EGLL,NA,NA,TRUE,27L
4005a5-BAW178-2019-03-13-0,2073,KJFK,EGLL,2019-03-13T18:02:50Z,2019-03-13T19:07:26Z,TRUE,27R
4005a5-BAW178-2019-03-13-0,2073,KJFK,EGLL,NA,NA,TRUE,27R
4005a6-BAW67V-2019-03-13-0,1854,EGLL,KPHL,2019-03-13T16:30:54Z,2019-03-13T17:31:44Z,FALSE,NA
4005a6-BAW67V-2019-03-13-0,1854,EGLL,KPHL,NA,NA,FALSE,NA
4005b9-BAW176A-2019-03-13-0,2841,KJFK,EGLL,2019-03-13T05:32:30Z,2019-03-13T06:49:28Z,TRUE,27L
4005b9-BAW9L-2019-03-13-0,2009,EGLL,CYYZ,2019-03-13T12:15:22Z,2019-03-13T13:44:15Z,FALSE,NA
4005ba-BAW82-2019-03-13-0,2903,NA,EGLL,2019-03-13T12:04:46Z,2019-03-13T14:15:23Z,TRUE,27L
4005ba-BAW82-2019-03-13-0,2903,NA,EGLL,NA,NA,TRUE,27L
4005ba-BAW99-2019-03-13-0,2001,EGLL,CYYZ,2019-03-13T17:50:51Z,2019-03-13T19:23:19Z,FALSE,NA
4005ba-BAW99-2019-03-13-0,2001,EGLL,CYYZ,NA,NA,FALSE,NA
4005bb-BAW45B-2019-03-13-0,3519,NA,EGLL,2019-03-13T04:32:12Z,2019-03-13T06:01:43Z,TRUE,27R
4005bb-BAW45B-2019-03-13-0,3519,NA,EGLL,NA,NA,TRUE,27R
4005bc-BAW14K-2019-03-13-0,3047,KJFK,EGLL,2019-03-13T07:49:13Z,2019-03-13T09:13:52Z,TRUE,27L
4005bc-BAW14K-2019-03-13-0,3047,KJFK,EGLL,NA,NA,TRUE,27L
4005bc-BAW297-2019-03-13-0,2078,EGLL,KORD,2019-03-13T16:08:05Z,2019-03-13T17:44:35Z,FALSE,NA
4005bd-BAW108-2019-03-13-0,2704,OMDB,EGLL,2019-03-13T11:49:14Z,2019-03-13T15:21:45Z,TRUE,27R
4005bd-BAW108-2019-03-13-0,2704,OMDB,EGLL,NA,NA,TRUE,27R
4005bd-BAW239-2019-03-13-0,1916,EGLL,NA,2019-03-13T19:33:02Z,2019-03-13T20:35:28Z,FALSE,NA
4005bd-BAW239-2019-03-13-0,1916,EGLL,NA,NA,NA,FALSE,NA
4005be-BAW109-2019-03-13-0,1838,EGLL,OMDB,2019-03-13T22:04:26Z,2019-03-13T23:59:59Z,FALSE,NA
4005be-BAW29G-2019-03-13-0,2354,NA,EGLL,2019-03-13T17:13:57Z,2019-03-13T18:24:42Z,TRUE,27R
4005be-BAW29G-2019-03-13-0,2354,NA,EGLL,NA,NA,TRUE,27R
4005bf-BAW64M-2019-03-13-0,3494,NA,EGLL,2019-03-13T03:28:31Z,2019-03-13T06:08:35Z,TRUE,27R
4005bf-BAW64M-2019-03-13-0,3494,NA,EGLL,NA,NA,TRUE,27R
4005bf-BAW65-2019-03-13-0,1816,EGLL,NA,2019-03-13T11:01:42Z,2019-03-13T14:05:39Z,FALSE,NA
4005c0-BAW13G-2019-03-13-0,2066,EGLL,KOWD,2019-03-13T11:39:43Z,2019-03-13T13:11:38Z,FALSE,NA
4005c0-BAW13G-2019-03-13-0,2066,EGLL,KOWD,NA,NA,FALSE,NA
4005e2-BAW107-2019-03-13-0,1745,EGLL,OMDB,2019-03-13T13:00:39Z,2019-03-13T16:18:26Z,FALSE,NA
4005e3-BAW172-2019-03-13-0,3040,KJFK,EGLL,2019-03-13T07:03:31Z,2019-03-13T08:20:58Z,TRUE,27L
4005e3-BAW172-2019-03-13-0,3040,KJFK,EGLL,NA,NA,TRUE,27L
4005e3-BAW44N-2019-03-13-0,2227,EGLL,KSAN,2019-03-13T14:25:19Z,2019-03-13T15:44:06Z,FALSE,NA
4005e3-BAW44N-2019-03-13-0,2227,EGLL,KSAN,NA,NA,FALSE,NA
400610-BAW23T-2019-03-13-0,3302,NA,EGLL,2019-03-13T08:32:10Z,2019-03-13T09:55:50Z,FALSE,NA
400610-BAW7TG-2019-03-13-0,1934,EGLL,NA,2019-03-13T14:54:53Z,2019-03-13T15:59:50Z,FALSE,NA
400610-BAW7TG-2019-03-13-0,1934,EGLL,NA,NA,NA,FALSE,NA
400612-BAW17V-2019-03-13-0,2827,KDEN,EGLL,2019-03-13T08:12:53Z,2019-03-13T09:31:24Z,TRUE,27L
400612-BAW17V-2019-03-13-0,2827,KDEN,EGLL,NA,NA,TRUE,27L
400612-BAW9CG-2019-03-13-0,2121,EGLL,KPHX,2019-03-13T15:10:04Z,2019-03-13T16:26:19Z,FALSE,NA
400614-BAW81-2019-03-13-0,1598,EGLL,NA,2019-03-13T14:09:42Z,2019-03-13T15:52:28Z,FALSE,NA
400615-BAW210-2019-03-13-0,3034,NA,EGLL,2019-03-13T11:31:18Z,2019-03-13T12:50:58Z,TRUE,27L
400684-BAW18A-2019-03-13-0,3658,KJFK,EGLL,2019-03-13T09:19:31Z,2019-03-13T11:02:56Z,TRUE,27L
400684-BAW18A-2019-03-13-0,3658,KJFK,EGLL,NA,NA,TRUE,27L
400684-BAW21G-2019-03-13-0,1988,EGLL,NA,2019-03-13T17:08:20Z,2019-03-13T18:12:36Z,FALSE,NA
400685-BAW24R-2019-03-13-0,3237,KORD,EGLL,2019-03-13T08:22:14Z,2019-03-13T09:43:46Z,TRUE,27L
400685-BAW24R-2019-03-13-0,3237,KORD,EGLL,NA,NA,TRUE,27L
400685-BAW33K-2019-03-13-0,1965,EGLL,KJFK,2019-03-13T17:03:15Z,2019-03-13T18:11:24Z,FALSE,NA
40068f-BAW275-2019-03-13-0,2119,EGLL,KLAS,2019-03-13T16:23:28Z,2019-03-13T17:37:02Z,FALSE,NA
40068f-BAW6W-2019-03-13-0,3176,KIAD,EGLL,2019-03-13T04:55:28Z,2019-03-13T06:20:18Z,TRUE,27R
40068f-BAW6W-2019-03-13-0,3176,KIAD,EGLL,NA,NA,TRUE,27R
400690-BAW211-2019-03-13-0,1691,EGLL,NA,2019-03-13T17:15:06Z,2019-03-13T17:54:42Z,FALSE,NA
400690-BAW8C-2019-03-13-0,2458,CYVR,EGLL,2019-03-13T12:48:47Z,2019-03-13T13:57:54Z,TRUE,27L
4006a8-BAW74-2019-03-13-0,2746,NA,EGLL,2019-03-13T03:15:01Z,2019-03-13T04:33:51Z,TRUE,27R
4006a8-BAW74-2019-03-13-0,2746,NA,EGLL,NA,NA,TRUE,27R
4006a8-BAW75-2019-03-13-0,1643,EGLL,NA,2019-03-13T10:25:14Z,2019-03-13T12:13:27Z,FALSE,NA
4006a9-BAW283-2019-03-13-0,1988,EGLL,KLAX,2019-03-13T10:58:54Z,2019-03-13T12:17:26Z,FALSE,NA
4006a9-BAW283-2019-03-13-0,1988,EGLL,KLAX,NA,NA,FALSE,NA
4006a9-BAW40F-2019-03-13-0,3233,KJFK,EGLL,2019-03-13T04:38:11Z,2019-03-13T06:05:17Z,TRUE,27R
4006a9-BAW40F-2019-03-13-0,3233,KJFK,EGLL,NA,NA,TRUE,27R
4006aa-BAW19V-2019-03-13-0,2196,EGLL,KLAS,2019-03-13T12:32:49Z,2019-03-13T13:49:13Z,FALSE,NA
4006aa-BAW19V-2019-03-13-0,2196,EGLL,KLAS,NA,NA,FALSE,NA
4006aa-BAW42-2019-03-13-0,2960,NA,EGLL,2019-03-13T04:29:36Z,2019-03-13T06:55:29Z,TRUE,27L
4006ac-BAW295-2019-03-13-0,1950,EGLL,KORD,2019-03-13T12:34:50Z,2019-03-13T14:08:11Z,FALSE,NA
4006ac-BAW295-2019-03-13-0,1950,EGLL,KORD,NA,NA,FALSE,NA
4006ad-BAW156-2019-03-13-0,3328,NA,EGLL,2019-03-13T08:55:09Z,2019-03-13T12:49:28Z,TRUE,27L
4006ad-BAW156-2019-03-13-0,3328,NA,EGLL,NA,NA,TRUE,27L
4006ad-BAW157-2019-03-13-0,1599,EGLL,NA,2019-03-13T22:25:16Z,2019-03-13T23:59:59Z,FALSE,NA
4006ae-BAW142-2019-03-13-0,3260,VIDP,EGLL,2019-03-13T05:46:53Z,2019-03-13T09:52:14Z,TRUE,27L
4006ae-BAW142-2019-03-13-0,3260,VIDP,EGLL,NA,NA,TRUE,27L
4006af-BAW20R-2019-03-13-0,2865,KORD,EGLL,2019-03-13T05:46:47Z,2019-03-13T07:06:27Z,TRUE,27L
4006af-BAW20R-2019-03-13-0,2865,KORD,EGLL,NA,NA,TRUE,27L
4006af-BAW7W-2019-03-13-0,1908,EGLL,KIAD,2019-03-13T11:56:16Z,2019-03-13T13:08:35Z,FALSE,NA
4006b0-BAW48Q-2019-03-13-0,2801,KSEA,EGLL,2019-03-13T11:32:11Z,2019-03-13T12:43:29Z,TRUE,27L
4006b0-BAW48Q-2019-03-13-0,2801,KSEA,EGLL,NA,NA,TRUE,27L
4006b1-BAW117-2019-03-13-0,1890,EGLL,KJFK,2019-03-13T09:17:50Z,2019-03-13T10:18:41Z,FALSE,NA
4006b2-BAW282-2019-03-13-0,3090,KLAX,EGLL,2019-03-13T09:15:32Z,2019-03-13T10:33:48Z,TRUE,27L
4006b2-BAW282-2019-03-13-0,3090,KLAX,EGLL,NA,NA,TRUE,27L
4006b2-BAW49-2019-03-13-0,2108,EGLL,KSEA,2019-03-13T15:06:05Z,2019-03-13T16:19:22Z,FALSE,NA
4006b3-BAW183-2019-03-13-0,1846,EGLL,KJFK,2019-03-13T19:59:42Z,2019-03-13T20:59:59Z,FALSE,NA
4006b3-BAW183-2019-03-13-0,1846,EGLL,KJFK,NA,NA,FALSE,NA
4006b3-BAW72A-2019-03-13-0,2823,KSAN,EGLL,2019-03-13T11:56:00Z,2019-03-13T13:16:37Z,TRUE,27L
4006b3-BAW72A-2019-03-13-0,2823,KSAN,EGLL,NA,NA,TRUE,27L
4006c0-BAW50G-2019-03-13-0,1974,EGLL,NA,2019-03-13T16:43:10Z,2019-03-13T17:46:53Z,FALSE,NA
4006c0-BAW50G-2019-03-13-0,1974,EGLL,NA,NA,NA,FALSE,NA
4006c0-BAW5CA-2019-03-13-0,2807,CYYZ,EGLL,2019-03-13T04:53:25Z,2019-03-13T06:14:19Z,TRUE,27R
4006c0-BAW5CA-2019-03-13-0,2807,CYYZ,EGLL,NA,NA,TRUE,27R
4006c4-BAW164-2019-03-13-0,2412,NA,EGLL,2019-03-13T17:25:33Z,2019-03-13T19:45:29Z,TRUE,27R
4006c4-BAW165-2019-03-13-0,1733,EGLL,NA,2019-03-13T08:35:51Z,2019-03-13T10:31:30Z,FALSE,NA
4006c4-BAW165-2019-03-13-0,1733,EGLL,NA,NA,NA,FALSE,NA
4006c4-BAW262-2019-03-13-0,2322,OETH,EGLL,2019-03-13T01:23:37Z,2019-03-13T05:09:46Z,TRUE,27R
4006c4-BAW262-2019-03-13-0,2322,OETH,EGLL,NA,NA,TRUE,27R
4006c4-BAW83-2019-03-13-0,1643,EGLL,NA,2019-03-13T23:07:15Z,2019-03-13T23:59:59Z,FALSE,NA
40073c-BAW116-2019-03-13-0,3070,KJFK,EGLL,2019-03-13T06:06:25Z,2019-03-13T07:26:16Z,TRUE,27L
40073c-BAW116-2019-03-13-0,3070,KJFK,EGLL,NA,NA,TRUE,27L
40073c-BAW143-2019-03-13-0,1687,EGLL,VIDP,2019-03-13T11:38:52Z,2019-03-13T14:52:23Z,FALSE,NA
40073c-BAW143-2019-03-13-0,1687,EGLL,VIDP,NA,NA,FALSE,NA
40073e-BAW106-2019-03-13-0,3436,OMDB,EGLL,2019-03-13T02:13:40Z,2019-03-13T06:15:50Z,TRUE,27L
40073e-BAW106-2019-03-13-0,3436,OMDB,EGLL,NA,NA,TRUE,27L
40073e-BAW11M-2019-03-13-0,2142,EGLL,KSFO,2019-03-13T11:03:00Z,2019-03-13T12:22:47Z,FALSE,NA
40073f-BAW15K-2019-03-13-0,1904,EGLL,KJFK,2019-03-13T14:17:43Z,2019-03-13T15:23:02Z,FALSE,NA
40073f-BAW71F-2019-03-13-0,2928,KSFO,EGLL,2019-03-13T09:11:23Z,2019-03-13T10:26:37Z,TRUE,27L
40073f-BAW71F-2019-03-13-0,2928,KSFO,EGLL,NA,NA,TRUE,27L
4007ec-BAW119-2019-03-13-0,1703,EGLL,VOBL,2019-03-13T14:21:41Z,2019-03-13T16:12:39Z,FALSE,NA
4007ec-BAW244-2019-03-13-0,3247,NA,EGLL,2019-03-13T05:48:42Z,2019-03-13T06:46:21Z,TRUE,27L
4007ec-BAW244-2019-03-13-0,3247,NA,EGLL,NA,NA,TRUE,27L
4007ed-BAW10-2019-03-13-0,2430,NA,EGLL,2019-03-13T14:49:28Z,2019-03-13T18:34:29Z,TRUE,27R
4007ed-BAW10-2019-03-13-0,2430,NA,EGLL,NA,NA,TRUE,27R
4007ed-BAW245-2019-03-13-0,1717,EGLL,SAEZ,2019-03-13T22:35:19Z,2019-03-13T23:19:46Z,FALSE,NA
4007ed-BAW245-2019-03-13-0,1717,EGLL,SAEZ,NA,NA,FALSE,NA
4007f0-BAW9-2019-03-13-0,1723,EGLL,NA,2019-03-13T15:43:56Z,2019-03-13T19:06:24Z,FALSE,NA
4007f0-BAW9-2019-03-13-0,1723,EGLL,NA,NA,NA,FALSE,NA
4007f2-BAW173A-2019-03-13-0,1914,EGLL,KJFK,2019-03-13T11:37:54Z,2019-03-13T12:39:20Z,FALSE,NA
4007f2-BAW173A-2019-03-13-0,1914,EGLL,KJFK,NA,NA,FALSE,NA
4007f2-BAW81V-2019-03-13-0,3126,NA,EGLL,2019-03-13T05:53:12Z,2019-03-13T07:12:06Z,TRUE,27L
4007f2-BAW81V-2019-03-13-0,3126,NA,EGLL,NA,NA,TRUE,27L
4007f3-BAW199-2019-03-13-0,1864,EGLL,VABB,2019-03-13T18:15:24Z,2019-03-13T21:41:46Z,FALSE,NA
4007f3-BAW6B-2019-03-13-0,2205,KSFO,EGLL,2019-03-13T12:55:56Z,2019-03-13T14:05:21Z,TRUE,27L
4007f4-BAW132-2019-03-13-0,3157,NA,EGLL,2019-03-13T10:10:22Z,2019-03-13T12:45:15Z,TRUE,27L
4007f4-BAW132-2019-03-13-0,3157,NA,EGLL,NA,NA,TRUE,27L
4007f4-BAW287-2019-03-13-0,2111,EGLL,KSFO,2019-03-13T15:31:19Z,2019-03-13T16:52:07Z,FALSE,NA
4007f4-BAW287-2019-03-13-0,2111,EGLL,KSFO,NA,NA,FALSE,NA
4007f6-BAW169-2019-03-13-0,1899,EGLL,NA,2019-03-13T14:13:55Z,2019-03-13T17:44:46Z,FALSE,NA
4007f6-BAW51B-2019-03-13-0,3135,NA,EGLL,2019-03-13T06:06:10Z,2019-03-13T07:27:53Z,TRUE,27L
4007f6-BAW51B-2019-03-13-0,3135,NA,EGLL,NA,NA,TRUE,27L
4007f7-BAW198-2019-03-13-0,2661,VABB,EGLL,2019-03-13T15:13:15Z,2019-03-13T17:45:32Z,TRUE,27R
4007f9-BAW256-2019-03-13-0,2327,VIDP,EGLL,2019-03-13T13:28:17Z,2019-03-13T17:10:58Z,TRUE,27R
4007f9-BAW256-2019-03-13-0,2327,VIDP,EGLL,NA,NA,TRUE,27R
4007f9-BAW257-2019-03-13-0,1727,EGLL,VIDP,2019-03-13T20:30:21Z,2019-03-13T23:47:46Z,FALSE,NA
4007fa-BAW160-2019-03-13-0,2926,NA,EGLL,2019-03-13T02:54:27Z,2019-03-13T06:44:41Z,TRUE,27R
4007fa-BAW160-2019-03-13-0,2926,NA,EGLL,NA,NA,TRUE,27R
4007fa-BAW26E-2019-03-13-0,1847,EGLL,NA,2019-03-13T10:21:40Z,2019-03-13T11:21:57Z,FALSE,NA
4007fb-BAW162-2019-03-13-0,3066,NA,EGLL,2019-03-13T10:18:42Z,2019-03-13T13:21:13Z,TRUE,27L
4007fb-BAW162-2019-03-13-0,3066,NA,EGLL,NA,NA,TRUE,27L
4007fb-BAW31F-2019-03-13-0,1898,EGLL,KDFW,2019-03-13T16:18:14Z,2019-03-13T17:19:54Z,FALSE,NA
400801-SHT6J-2019-03-13-0,2384,EGLL,EGPF,2019-03-13T18:12:57Z,2019-03-13T19:21:41Z,FALSE,NA
400801-SHT6R-2019-03-13-0,2427,EGLL,EGPF,2019-03-13T13:23:07Z,2019-03-13T14:30:29Z,FALSE,NA
400801-SHT6R-2019-03-13-0,2427,EGLL,EGPF,NA,NA,FALSE,NA
400801-SHT7A-2019-03-13-0,2324,EGPF,EGLL,2019-03-13T20:24:53Z,2019-03-13T21:19:04Z,TRUE,27R
400801-SHT7A-2019-03-13-0,2324,EGPF,EGLL,NA,NA,TRUE,27R
400801-SHT7P-2019-03-13-0,2163,EGPF,EGLL,2019-03-13T15:46:16Z,2019-03-13T16:37:48Z,TRUE,27R
400801-SHT8F-2019-03-13-0,2350,EGLL,EGPH,2019-03-13T08:28:36Z,2019-03-13T09:32:40Z,FALSE,NA
400801-SHT8F-2019-03-13-0,2350,EGLL,EGPH,NA,NA,FALSE,NA
400801-SHT9Z-2019-03-13-0,3201,EGPH,EGLL,2019-03-13T10:44:57Z,2019-03-13T11:54:36Z,TRUE,27L
400802-SHT18V-2019-03-13-0,2461,EGLL,NA,2019-03-13T17:16:51Z,2019-03-13T18:27:39Z,FALSE,NA
400802-SHT18Y-2019-03-13-0,2243,EGLL,NA,2019-03-13T08:37:40Z,2019-03-13T09:41:36Z,FALSE,NA
400802-SHT18Y-2019-03-13-0,2243,EGLL,NA,NA,NA,FALSE,NA
400802-SHT19M-2019-03-13-0,3166,NA,EGLL,2019-03-13T11:05:12Z,2019-03-13T12:19:17Z,TRUE,27L
400802-SHT19M-2019-03-13-0,3166,NA,EGLL,NA,NA,TRUE,27L
400802-SHT19W-2019-03-13-0,2221,NA,EGLL,2019-03-13T19:38:48Z,2019-03-13T20:37:57Z,TRUE,27R
400802-SHT2V-2019-03-13-0,1920,EGLL,EGCC,2019-03-13T13:38:14Z,2019-03-13T14:10:14Z,FALSE,NA
400802-SHT2V-2019-03-13-0,1920,EGLL,EGCC,NA,NA,FALSE,NA
400802-SHT3G-2019-03-13-0,2554,EGCC,EGLL,2019-03-13T06:50:23Z,2019-03-13T07:32:56Z,TRUE,27L
400802-SHT3G-2019-03-13-0,2554,EGCC,EGLL,NA,NA,TRUE,27L
400802-SHT3L-2019-03-13-0,1836,EGCC,EGLL,2019-03-13T15:26:54Z,2019-03-13T15:57:29Z,TRUE,27R
400803-BAW1DL-2019-03-13-0,2659,EDDL,EGLL,2019-03-13T15:30:04Z,2019-03-13T16:30:13Z,TRUE,27R
400803-BAW1DL-2019-03-13-0,2659,EDDL,EGLL,NA,NA,TRUE,27R
400803-BAW902N-2019-03-13-0,1851,EGLL,EDDF,2019-03-13T07:33:44Z,2019-03-13T08:44:25Z,FALSE,NA
400803-BAW902N-2019-03-13-0,1851,EGLL,EDDF,NA,NA,FALSE,NA
400803-BAW903U-2019-03-13-0,3505,EDDF,EGLL,2019-03-13T10:29:06Z,2019-03-13T12:17:50Z,TRUE,27L
400803-BAW903U-2019-03-13-0,3505,EDDF,EGLL,NA,NA,TRUE,27L
400803-BAW940-2019-03-13-0,2018,EGLL,EDDL,2019-03-13T13:33:04Z,2019-03-13T14:35:38Z,FALSE,NA
400803-BAW940-2019-03-13-0,2018,EGLL,EDDL,NA,NA,FALSE,NA
400803-SHT2G-2019-03-13-0,2210,EGLL,EGCC,2019-03-13T17:59:22Z,2019-03-13T18:36:11Z,FALSE,NA
400803-SHT2G-2019-03-13-0,2210,EGLL,EGCC,NA,NA,FALSE,NA
400803-SHT3T-2019-03-13-0,2046,EGCC,EGLL,2019-03-13T19:31:52Z,2019-03-13T20:05:58Z,TRUE,27R
400803-SHT3T-2019-03-13-0,2046,EGCC,EGLL,NA,NA,TRUE,27R
40083b-BAW912N-2019-03-13-0,1702,EGLL,EDDF,2019-03-13T17:18:05Z,2019-03-13T18:32:24Z,FALSE,NA
40083b-BAW913U-2019-03-13-0,2744,EDDF,EGLL,2019-03-13T19:32:14Z,2019-03-13T20:58:33Z,TRUE,27R
40083b-BAW926M-2019-03-13-0,1894,EGLL,EDDM,2019-03-13T11:22:24Z,2019-03-13T12:48:29Z,FALSE,NA
40083b-BAW927-2019-03-13-0,3024,EDDM,EGLL,2019-03-13T13:44:30Z,2019-03-13T15:26:15Z,TRUE,27R
40083b-BAW927-2019-03-13-0,3024,EDDM,EGLL,NA,NA,TRUE,27R
40083c-BAW546-2019-03-13-0,1614,EGLL,LIRF,2019-03-13T16:34:31Z,2019-03-13T18:22:45Z,FALSE,NA
40083c-BAW546-2019-03-13-0,1614,EGLL,LIRF,NA,NA,FALSE,NA
40083c-BAW8CF-2019-03-13-0,2842,LIRF,EGLL,2019-03-13T19:32:17Z,2019-03-13T21:49:16Z,TRUE,27R
40083c-BAW947L-2019-03-13-0,3100,EDDM,EGLL,2019-03-13T07:10:49Z,2019-03-13T09:03:17Z,TRUE,27L
40083c-BAW947L-2019-03-13-0,3100,EDDM,EGLL,NA,NA,TRUE,27L
40083c-SHT1468-2019-03-13-0,2346,EGLL,NA,2019-03-13T10:45:08Z,2019-03-13T11:57:29Z,FALSE,NA
40083c-SHT1468-2019-03-13-0,2346,EGLL,NA,NA,NA,FALSE,NA
40083c-SHT64U-2019-03-13-0,2094,NA,EGLL,2019-03-13T13:47:32Z,2019-03-13T14:45:13Z,TRUE,27L
400877-BAW559-2019-03-13-0,2707,LIRF,EGLL,2019-03-13T16:35:35Z,2019-03-13T18:51:56Z,TRUE,27R
400877-BAW560F-2019-03-13-0,1670,EGLL,LIRF,2019-03-13T13:24:03Z,2019-03-13T15:16:52Z,FALSE,NA
400877-BAW5LG-2019-03-13-0,3665,NA,EGLL,2019-03-13T10:29:27Z,2019-03-13T12:04:56Z,TRUE,27L
400877-BAW6DP-2019-03-13-0,1589,EGLL,LFBO,2019-03-13T20:03:31Z,2019-03-13T21:12:33Z,FALSE,NA
400877-BAW84LG-2019-03-13-0,1930,EGLL,EKEB,2019-03-13T08:07:32Z,2019-03-13T09:09:17Z,FALSE,NA
400878-BAW396-2019-03-13-0,2515,EGLL,EBMB,2019-03-13T11:32:19Z,2019-03-13T12:14:13Z,FALSE,NA
400878-BAW396-2019-03-13-0,2515,EGLL,EBMB,NA,NA,FALSE,NA
400878-BAW397-2019-03-13-0,3504,EBBR,EGLL,2019-03-13T13:11:48Z,2019-03-13T14:10:11Z,TRUE,27L
400878-BAW397-2019-03-13-0,3504,EBBR,EGLL,NA,NA,TRUE,27L
400878-BAW599-2019-03-13-0,3650,LIPZ,EGLL,2019-03-13T08:03:07Z,2019-03-13T10:15:22Z,TRUE,27L
400878-BAW599-2019-03-13-0,3650,LIPZ,EGLL,NA,NA,TRUE,27L
400878-BAW850T-2019-03-13-0,1933,EGLL,EPWA,2019-03-13T15:42:47Z,2019-03-13T17:41:04Z,FALSE,NA
400878-BAW850T-2019-03-13-0,1933,EGLL,EPWA,NA,NA,FALSE,NA
400878-BAW851W-2019-03-13-0,2600,EPWA,EGLL,2019-03-13T19:03:28Z,2019-03-13T21:17:13Z,TRUE,27R
400878-BAW851W-2019-03-13-0,2600,EPWA,EGLL,NA,NA,TRUE,27R
400879-BAW14GM-2019-03-13-0,3066,LIML,EGLL,2019-03-13T13:30:45Z,2019-03-13T15:23:27Z,TRUE,27R
400879-BAW14GM-2019-03-13-0,3066,LIML,EGLL,NA,NA,TRUE,27R
400879-BAW580-2019-03-13-0,1649,EGLL,LIMC,2019-03-13T17:22:51Z,2019-03-13T18:48:28Z,FALSE,NA
400879-BAW581-2019-03-13-0,2634,LIMC,EGLL,2019-03-13T19:49:40Z,2019-03-13T21:30:39Z,TRUE,27R
400879-BAW581-2019-03-13-0,2634,LIMC,EGLL,NA,NA,TRUE,27R
400879-BAW88L-2019-03-13-0,1724,EGLL,LIML,2019-03-13T11:04:54Z,2019-03-13T12:29:56Z,FALSE,NA
400879-SHT3N-2019-03-13-0,2719,EGCC,EGLL,2019-03-13T08:55:37Z,2019-03-13T09:40:55Z,TRUE,27L
40087a-BAW556-2019-03-13-0,1626,EGLL,LIRF,2019-03-13T14:42:10Z,2019-03-13T16:27:25Z,FALSE,NA
40087a-BAW556-2019-03-13-0,1626,EGLL,LIRF,NA,NA,FALSE,NA
40087a-BAW557-2019-03-13-0,2664,LIRF,EGLL,2019-03-13T17:46:08Z,2019-03-13T20:00:42Z,TRUE,27R
40087a-BAW557-2019-03-13-0,2664,LIRF,EGLL,NA,NA,TRUE,27R
40087a-BAW906N-2019-03-13-0,1758,EGLL,EDDF,2019-03-13T08:46:18Z,2019-03-13T09:56:44Z,FALSE,NA
40087a-BAW906N-2019-03-13-0,1758,EGLL,EDDF,NA,NA,FALSE,NA
40087a-BAW907U-2019-03-13-0,3176,EDDF,EGLL,2019-03-13T11:26:44Z,2019-03-13T13:08:58Z,TRUE,27L
40087a-BAW907U-2019-03-13-0,3176,EDDF,EGLL,NA,NA,TRUE,27L
40087a-BAW935-2019-03-13-0,3213,EDDL,EGLL,2019-03-13T06:22:44Z,2019-03-13T07:31:27Z,TRUE,27L
40087a-SHT8S-2019-03-13-0,2390,EGLL,EGPH,2019-03-13T21:09:50Z,2019-03-13T22:14:49Z,FALSE,NA
40087b-BAW402-2019-03-13-0,2339,EGLL,EBMB,2019-03-13T13:47:31Z,2019-03-13T14:26:29Z,FALSE,NA
40087b-BAW402-2019-03-13-0,2339,EGLL,EBMB,NA,NA,FALSE,NA
40087b-BAW403-2019-03-13-0,2819,EBBR,EGLL,2019-03-13T15:47:54Z,2019-03-13T16:34:52Z,TRUE,27R
40087b-BAW403-2019-03-13-0,2819,EBBR,EGLL,NA,NA,TRUE,27R
40087b-BAW709-2019-03-13-0,3480,LSZH,EGLL,2019-03-13T06:02:47Z,2019-03-13T07:54:20Z,TRUE,27L
40087b-BAW709-2019-03-13-0,3480,LSZH,EGLL,NA,NA,TRUE,27L
40087b-BAW742-2019-03-13-0,1685,EGLL,LSGG,2019-03-13T18:25:38Z,2019-03-13T19:27:44Z,FALSE,NA
40087b-BAW743U-2019-03-13-0,2507,LSGG,EGLL,2019-03-13T20:59:45Z,2019-03-13T22:19:31Z,TRUE,27R
40087b-BAW743U-2019-03-13-0,2507,LSGG,EGLL,NA,NA,TRUE,27R
40087b-BAW976K-2019-03-13-0,1859,EGLL,EDDV,2019-03-13T09:12:14Z,2019-03-13T10:17:07Z,FALSE,NA
40087b-BAW977-2019-03-13-0,3433,EDDV,EGLL,2019-03-13T11:00:47Z,2019-03-13T12:27:37Z,TRUE,27L
40087b-BAW977-2019-03-13-0,3433,EDDV,EGLL,NA,NA,TRUE,27L
40087c-BAW342-2019-03-13-0,1709,EGLL,NA,2019-03-13T08:52:20Z,2019-03-13T10:03:49Z,FALSE,NA
40087c-BAW342-2019-03-13-0,1709,EGLL,NA,NA,NA,FALSE,NA
40087c-BAW343E-2019-03-13-0,2956,NA,EGLL,2019-03-13T11:58:48Z,2019-03-13T13:41:57Z,TRUE,27L
40087c-BAW343E-2019-03-13-0,2956,NA,EGLL,NA,NA,TRUE,27L
40087c-BAW734-2019-03-13-0,1581,EGLL,LSGG,2019-03-13T15:38:43Z,2019-03-13T16:47:17Z,FALSE,NA
40087c-BAW734-2019-03-13-0,1581,EGLL,LSGG,NA,NA,FALSE,NA
40087c-BAW735-2019-03-13-0,2679,LSGG,EGLL,2019-03-13T17:59:33Z,2019-03-13T19:22:08Z,TRUE,27R
40087c-BAW735-2019-03-13-0,2679,LSGG,EGLL,NA,NA,TRUE,27R
40087c-BAW751-2019-03-13-0,3172,LSZM,EGLL,2019-03-13T06:01:17Z,2019-03-13T07:34:29Z,TRUE,27L
40087c-BAW751-2019-03-13-0,3172,LSZM,EGLL,NA,NA,TRUE,27L
40087c-BAW970-2019-03-13-0,1914,EGLL,EDDV,2019-03-13T20:36:45Z,2019-03-13T21:42:37Z,FALSE,NA
40087c-BAW970-2019-03-13-0,1914,EGLL,EDDV,NA,NA,FALSE,NA
4008ad-BAW904N-2019-03-13-0,1790,EGLL,EDDF,2019-03-13T12:03:48Z,2019-03-13T13:13:37Z,FALSE,NA
4008ad-BAW905U-2019-03-13-0,2842,EDDF,EGLL,2019-03-13T14:02:07Z,2019-03-13T15:36:34Z,TRUE,27R
4008ad-BAW905U-2019-03-13-0,2842,EDDF,EGLL,NA,NA,TRUE,27R
4008ad-SHT8B-2019-03-13-0,2125,EGLL,EGPH,2019-03-13T06:31:13Z,2019-03-13T07:30:12Z,FALSE,NA
4008ad-SHT8B-2019-03-13-0,2125,EGLL,EGPH,NA,NA,FALSE,NA
4008ad-SHT8U-2019-03-13-0,2441,EGLL,EGPH,2019-03-13T16:59:01Z,2019-03-13T18:02:59Z,FALSE,NA
4008ad-SHT8U-2019-03-13-0,2441,EGLL,EGPH,NA,NA,FALSE,NA
4008ad-SHT90P-2019-03-13-0,3189,EGPH,EGLL,2019-03-13T09:26:00Z,2019-03-13T10:35:45Z,TRUE,27L
4008ad-SHT90P-2019-03-13-0,3189,EGPH,EGLL,NA,NA,TRUE,27L
4008ad-SHT9Y-2019-03-13-0,2087,EGPH,EGLL,2019-03-13T18:52:12Z,2019-03-13T19:43:31Z,TRUE,27R
4008ae-BAW721-2019-03-13-0,2683,LSGG,EGLL,2019-03-13T16:51:57Z,2019-03-13T18:14:22Z,TRUE,27R
4008ae-BAW721-2019-03-13-0,2683,LSGG,EGLL,NA,NA,TRUE,27R
4008ae-BAW722C-2019-03-13-0,1680,EGLL,LSGG,2019-03-13T14:19:32Z,2019-03-13T15:22:51Z,FALSE,NA
4008ae-BAW756-2019-03-13-0,1747,EGLL,LSZM,2019-03-13T19:40:09Z,2019-03-13T20:48:40Z,FALSE,NA
4008ae-BAW756-2019-03-13-0,1747,EGLL,LSZM,NA,NA,FALSE,NA
4008ae-BAW790-2019-03-13-0,1970,EGLL,ESGG,2019-03-13T07:47:45Z,2019-03-13T09:19:29Z,FALSE,NA
4008ae-BAW790-2019-03-13-0,1970,EGLL,ESGG,NA,NA,FALSE,NA
4008ae-BAW791-2019-03-13-0,3513,ESGG,EGLL,2019-03-13T11:00:25Z,2019-03-13T12:53:59Z,TRUE,27L
4008ae-BAW791-2019-03-13-0,3513,ESGG,EGLL,NA,NA,TRUE,27L
4008b1-BAW346-2019-03-13-0,1662,EGLL,NA,2019-03-13T10:46:16Z,2019-03-13T11:53:23Z,FALSE,NA
4008b1-BAW346-2019-03-13-0,1662,EGLL,NA,NA,NA,FALSE,NA
4008b1-BAW347-2019-03-13-0,2395,NA,EGLL,2019-03-13T13:14:07Z,2019-03-13T14:46:53Z,TRUE,27L
4008b1-BAW377-2019-03-13-0,3395,LFBO,EGLL,2019-03-13T07:42:29Z,2019-03-13T09:28:52Z,TRUE,27L
4008b1-BAW377-2019-03-13-0,3395,LFBO,EGLL,NA,NA,TRUE,27L
4008b1-BAW820-2019-03-13-0,2029,EGLL,EKCH,2019-03-13T16:35:33Z,2019-03-13T18:02:56Z,FALSE,NA
4008b1-BAW820-2019-03-13-0,2029,EGLL,EKCH,NA,NA,FALSE,NA
4008b1-BAW821-2019-03-13-0,2387,EKCH,EGLL,2019-03-13T18:57:49Z,2019-03-13T20:28:09Z,TRUE,27R
4008b1-BAW821-2019-03-13-0,2387,EKCH,EGLL,NA,NA,TRUE,27R
4008b2-SHT18C-2019-03-13-0,2383,EGLL,NA,2019-03-13T12:51:01Z,2019-03-13T13:58:56Z,FALSE,NA
4008b2-SHT18C-2019-03-13-0,2383,EGLL,NA,NA,NA,FALSE,NA
4008b2-SHT19A-2019-03-13-0,2190,NA,EGLL,2019-03-13T15:04:32Z,2019-03-13T16:02:29Z,TRUE,27R
4008b2-SHT19A-2019-03-13-0,2190,NA,EGLL,NA,NA,TRUE,27R
4008b2-SHT6G-2019-03-13-0,2339,EGLL,EGPF,2019-03-13T08:00:50Z,2019-03-13T09:08:58Z,FALSE,NA
4008b2-SHT7C-2019-03-13-0,3151,EGPF,EGLL,2019-03-13T10:23:45Z,2019-03-13T11:30:53Z,TRUE,27L
4008b2-SHT7C-2019-03-13-0,3151,EGPF,EGLL,NA,NA,TRUE,27L
4008b2-SHT8H-2019-03-13-0,2476,EGLL,EGPH,2019-03-13T17:57:12Z,2019-03-13T19:04:25Z,FALSE,NA
4008b2-SHT8H-2019-03-13-0,2476,EGLL,EGPH,NA,NA,FALSE,NA
4008b2-SHT9C-2019-03-13-0,2097,EGPH,EGLL,2019-03-13T19:57:45Z,2019-03-13T20:49:39Z,TRUE,27R
4008b3-BAW308-2019-03-13-0,2674,EGLL,LFPG,2019-03-13T12:22:18Z,2019-03-13T13:06:52Z,FALSE,NA
4008b3-BAW308-2019-03-13-0,2674,EGLL,LFPG,NA,NA,FALSE,NA
4008b3-BAW315-2019-03-13-0,3099,LFPG,EGLL,2019-03-13T14:28:49Z,2019-03-13T15:20:28Z,TRUE,27R
4008b3-BAW315-2019-03-13-0,3099,LFPG,EGLL,NA,NA,TRUE,27R
4008b3-BAW796-2019-03-13-0,1681,EGLL,LSGG,2019-03-13T16:51:01Z,2019-03-13T17:57:05Z,FALSE,NA
4008b3-BAW796-2019-03-13-0,1681,EGLL,LSGG,NA,NA,FALSE,NA
4008b3-BAW797G-2019-03-13-0,2775,LSGG,EGLL,2019-03-13T18:58:21Z,2019-03-13T20:24:04Z,TRUE,27R
4008b3-BAW797G-2019-03-13-0,2775,LSGG,EGLL,NA,NA,TRUE,27R
4008b3-SHT7R-2019-03-13-0,2904,EGPF,EGLL,2019-03-13T09:17:46Z,2019-03-13T10:21:23Z,TRUE,27L
4008b3-SHT7R-2019-03-13-0,2904,EGPF,EGLL,NA,NA,TRUE,27L
4008b5-BAW574-2019-03-13-0,1737,EGLL,LIML,2019-03-13T13:12:19Z,2019-03-13T14:39:55Z,FALSE,NA
4008b5-BAW575-2019-03-13-0,2732,LIML,EGLL,2019-03-13T15:36:02Z,2019-03-13T17:20:53Z,TRUE,27R
4008b5-BAW575-2019-03-13-0,2732,LIML,EGLL,NA,NA,TRUE,27R
4008b5-BAW738-2019-03-13-0,1621,EGLL,LSGG,2019-03-13T19:30:56Z,2019-03-13T20:37:21Z,FALSE,NA
4008b5-BAW752B-2019-03-13-0,1791,EGLL,LSZM,2019-03-13T07:49:11Z,2019-03-13T08:54:26Z,FALSE,NA
4008b5-BAW753-2019-03-13-0,3697,LSZM,EGLL,2019-03-13T10:13:35Z,2019-03-13T12:00:29Z,TRUE,27L
4008b5-BAW753-2019-03-13-0,3697,LSZM,EGLL,NA,NA,TRUE,27L
4008f1-BAW766-2019-03-13-0,2110,EGLL,ENGM,2019-03-13T12:54:04Z,2019-03-13T14:42:41Z,FALSE,NA
4008f1-BAW766-2019-03-13-0,2110,EGLL,ENGM,NA,NA,FALSE,NA
4008f1-BAW767V-2019-03-13-0,2722,NA,EGLL,2019-03-13T16:02:10Z,2019-03-13T17:51:23Z,TRUE,27R
4008f1-BAW786F-2019-03-13-0,1958,EGLL,ESSA,2019-03-13T19:39:11Z,2019-03-13T21:44:49Z,FALSE,NA
4008f1-BAW786F-2019-03-13-0,1958,EGLL,ESSA,NA,NA,FALSE,NA
4008f1-BAW812-2019-03-13-0,1961,EGLL,EKCH,2019-03-13T07:03:52Z,2019-03-13T08:29:18Z,FALSE,NA
4008f1-BAW813-2019-03-13-0,3838,EKCH,EGLL,2019-03-13T09:50:04Z,2019-03-13T11:45:50Z,TRUE,27L
4008f1-BAW813-2019-03-13-0,3838,EKCH,EGLL,NA,NA,TRUE,27L
4008f2-BAW591-2019-03-13-0,3635,LILG,EGLL,2019-03-13T06:56:45Z,2019-03-13T08:48:39Z,TRUE,27L
4008f2-BAW591-2019-03-13-0,3635,LILG,EGLL,NA,NA,TRUE,27L
4008f2-BAW954M-2019-03-13-0,1699,EGLL,EDDM,2019-03-13T14:33:59Z,2019-03-13T15:56:22Z,FALSE,NA
4008f2-BAW954M-2019-03-13-0,1699,EGLL,EDDM,NA,NA,FALSE,NA
4008f2-BAW955L-2019-03-13-0,2517,EDDM,EGLL,2019-03-13T17:03:30Z,2019-03-13T18:49:04Z,TRUE,27R
4008f2-BAW958M-2019-03-13-0,1691,EGLL,EDDM,2019-03-13T20:16:06Z,2019-03-13T21:35:57Z,FALSE,NA
4008f2-SHT20D-2019-03-13-0,1808,EGLL,EGND,2019-03-13T10:19:05Z,2019-03-13T10:49:12Z,FALSE,NA
4008f2-SHT21V-2019-03-13-0,2763,NA,EGLL,2019-03-13T11:54:00Z,2019-03-13T12:40:02Z,TRUE,27L
4008f2-SHT21V-2019-03-13-0,2763,NA,EGLL,NA,NA,TRUE,27L
400934-BAW326-2019-03-13-0,2526,EGLL,LFPG,2019-03-13T21:01:07Z,2019-03-13T21:43:12Z,FALSE,NA
400934-BAW723-2019-03-13-0,3183,LSGG,EGLL,2019-03-13T07:00:10Z,2019-03-13T08:27:22Z,TRUE,27L
400934-BAW723-2019-03-13-0,3183,LSGG,EGLL,NA,NA,TRUE,27L
400934-BAW910N-2019-03-13-0,1795,EGLL,EDDF,2019-03-13T15:40:53Z,2019-03-13T16:47:12Z,FALSE,NA
400934-BAW910N-2019-03-13-0,1795,EGLL,EDDF,NA,NA,FALSE,NA
400934-BAW911U-2019-03-13-0,2679,EDDF,EGLL,2019-03-13T17:52:20Z,2019-03-13T19:23:22Z,TRUE,27R
400934-BAW911U-2019-03-13-0,2679,EDDF,EGLL,NA,NA,TRUE,27R
400934-BAW950M-2019-03-13-0,1773,EGLL,EDDM,2019-03-13T09:48:45Z,2019-03-13T11:12:29Z,FALSE,NA
400934-BAW950M-2019-03-13-0,1773,EGLL,EDDM,NA,NA,FALSE,NA
400934-BAW951L-2019-03-13-0,2984,EDDM,EGLL,2019-03-13T12:01:43Z,2019-03-13T13:54:06Z,TRUE,27L
400935-BAW388-2019-03-13-0,2440,EGLL,EBMB,2019-03-13T07:05:04Z,2019-03-13T07:49:50Z,FALSE,NA
400935-BAW391-2019-03-13-0,4726,EBBR,EGLL,2019-03-13T09:47:36Z,2019-03-13T11:06:21Z,TRUE,27L
400935-BAW391-2019-03-13-0,4726,EBBR,EGLL,NA,NA,TRUE,27L
400935-BAW928-2019-03-13-0,1883,EGLL,EDDH,2019-03-13T17:24:00Z,2019-03-13T18:36:42Z,FALSE,NA
400935-BAW929-2019-03-13-0,2459,EDDH,EGLL,2019-03-13T19:35:18Z,2019-03-13T20:48:27Z,TRUE,27R
400935-BAW974-2019-03-13-0,1956,EGLL,EDDH,2019-03-13T12:30:28Z,2019-03-13T13:39:06Z,FALSE,NA
400935-BAW974-2019-03-13-0,1956,EGLL,EDDH,NA,NA,FALSE,NA
400935-BAW975H-2019-03-13-0,2429,EDDH,EGLL,2019-03-13T14:43:12Z,2019-03-13T15:56:27Z,TRUE,27R
400936-BAW59G-2019-03-13-0,2587,LSZM,EGLL,2019-03-13T14:36:00Z,2019-03-13T15:59:57Z,TRUE,27R
400936-BAW754B-2019-03-13-0,1635,EGLL,LSZM,2019-03-13T12:40:10Z,2019-03-13T13:42:20Z,FALSE,NA
400936-BAW754B-2019-03-13-0,1635,EGLL,LSZM,NA,NA,FALSE,NA
400936-BAW956M-2019-03-13-0,1708,EGLL,EDDM,2019-03-13T17:32:47Z,2019-03-13T18:57:22Z,FALSE,NA
400936-BAW956M-2019-03-13-0,1708,EGLL,EDDM,NA,NA,FALSE,NA
400936-BAW957L-2019-03-13-0,2804,EDDM,EGLL,2019-03-13T19:54:30Z,2019-03-13T21:39:11Z,TRUE,27R
400936-BAW957L-2019-03-13-0,2804,EDDM,EGLL,NA,NA,TRUE,27R
400936-BAW964H-2019-03-13-0,1921,EGLL,EDDH,2019-03-13T07:13:59Z,2019-03-13T08:24:20Z,FALSE,NA
400936-BAW965-2019-03-13-0,3775,EDDH,EGLL,2019-03-13T09:46:02Z,2019-03-13T11:22:17Z,TRUE,27L
400936-BAW965-2019-03-13-0,3775,EDDH,EGLL,NA,NA,TRUE,27L
400937-BAW960M-2019-03-13-0,1788,EGLL,EDDM,2019-03-13T16:07:01Z,2019-03-13T17:37:23Z,FALSE,NA
400937-BAW961L-2019-03-13-0,2788,EDDM,EGLL,2019-03-13T18:31:08Z,2019-03-13T20:21:26Z,TRUE,27R
400937-BAW961L-2019-03-13-0,2788,EDDM,EGLL,NA,NA,TRUE,27R
400937-BAW962H-2019-03-13-0,1893,EGLL,EDDH,2019-03-13T10:47:22Z,2019-03-13T11:57:19Z,FALSE,NA
400937-BAW962H-2019-03-13-0,1893,EGLL,EDDH,NA,NA,FALSE,NA
400937-BAW969H-2019-03-13-0,2801,EDDH,EGLL,2019-03-13T12:53:30Z,2019-03-13T14:12:45Z,TRUE,27L
400937-BAW969H-2019-03-13-0,2801,EDDH,EGLL,NA,NA,TRUE,27L
400937-SHT7S-2019-03-13-0,3268,EGPF,EGLL,2019-03-13T07:14:52Z,2019-03-13T08:23:37Z,TRUE,27L
400937-SHT7S-2019-03-13-0,3268,EGPF,EGLL,NA,NA,TRUE,27L
400938-BAW304-2019-03-13-0,2663,EGLL,LFPG,2019-03-13T07:35:16Z,2019-03-13T08:19:38Z,FALSE,NA
400938-BAW304-2019-03-13-0,2663,EGLL,LFPG,NA,NA,FALSE,NA
400938-BAW307-2019-03-13-0,3813,LFPG,EGLL,2019-03-13T10:19:57Z,2019-03-13T11:23:29Z,TRUE,27L
400938-BAW307-2019-03-13-0,3813,LFPG,EGLL,NA,NA,TRUE,27L
400938-BAW952M-2019-03-13-0,1769,EGLL,EDDM,2019-03-13T12:37:55Z,2019-03-13T14:04:56Z,FALSE,NA
400938-BAW952M-2019-03-13-0,1769,EGLL,EDDM,NA,NA,FALSE,NA
400938-BAW953L-2019-03-13-0,2559,EDDM,EGLL,2019-03-13T15:04:05Z,2019-03-13T16:46:20Z,TRUE,27R
400938-SHT12Q-2019-03-13-0,2367,EGLL,EGNV,2019-03-13T18:06:48Z,2019-03-13T18:46:15Z,FALSE,NA
400938-SHT13L-2019-03-13-0,2174,NA,EGLL,2019-03-13T19:49:02Z,2019-03-13T20:26:50Z,TRUE,27R
400938-SHT13L-2019-03-13-0,2174,NA,EGLL,NA,NA,TRUE,27R
40093d-BAW15PZ-2019-03-13-0,1696,EGLL,NA,2019-03-13T09:29:48Z,2019-03-13T10:48:44Z,FALSE,NA
40093d-BAW579V-2019-03-13-0,2864,NA,EGLL,2019-03-13T12:20:08Z,2019-03-13T14:11:19Z,TRUE,27L
40093d-BAW579V-2019-03-13-0,2864,NA,EGLL,NA,NA,TRUE,27L
40093d-BAW718-2019-03-13-0,1730,EGLL,LSZH,2019-03-13T16:00:53Z,2019-03-13T17:16:59Z,FALSE,NA
40093d-BAW719-2019-03-13-0,2721,LSZH,EGLL,2019-03-13T18:27:14Z,2019-03-13T19:57:13Z,TRUE,27R
40093d-BAW811-2019-03-13-0,3383,EKCH,EGLL,2019-03-13T06:32:39Z,2019-03-13T08:19:37Z,TRUE,27L
40093d-BAW811-2019-03-13-0,3383,EKCH,EGLL,NA,NA,TRUE,27L
40093d-SHT6N-2019-03-13-0,2420,EGLL,EGPF,2019-03-13T21:13:45Z,2019-03-13T22:17:37Z,FALSE,NA
40093e-BAW33CE-2019-03-13-0,2650,NA,EGLL,2019-03-13T15:15:18Z,2019-03-13T16:57:09Z,TRUE,27R
40093e-BAW344N-2019-03-13-0,1668,EGLL,NA,2019-03-13T12:47:15Z,2019-03-13T13:55:14Z,FALSE,NA
40093e-BAW344N-2019-03-13-0,1668,EGLL,NA,NA,NA,FALSE,NA
40093e-SHT18E-2019-03-13-0,2459,EGLL,NA,2019-03-13T18:04:35Z,2019-03-13T19:14:06Z,FALSE,NA
40093e-SHT18Z-2019-03-13-0,2154,EGLL,NA,2019-03-13T07:08:43Z,2019-03-13T08:05:33Z,FALSE,NA
40093e-SHT19U-2019-03-13-0,3507,NA,EGLL,2019-03-13T09:52:32Z,2019-03-13T11:13:16Z,TRUE,27L
40093e-SHT19U-2019-03-13-0,3507,NA,EGLL,NA,NA,TRUE,27L
40093e-SHT19XG-2019-03-13-0,2273,NA,EGLL,2019-03-13T20:21:37Z,2019-03-13T21:20:32Z,TRUE,27R
40093e-SHT19XG-2019-03-13-0,2273,NA,EGLL,NA,NA,TRUE,27R
40093f-BAW303-2019-03-13-0,3657,LFPG,EGLL,2019-03-13T07:05:17Z,2019-03-13T08:06:13Z,TRUE,27L
40093f-BAW303-2019-03-13-0,3657,LFPG,EGLL,NA,NA,TRUE,27L
40093f-BAW4VK-2019-03-13-0,2065,EGLL,ENGM,2019-03-13T16:28:01Z,2019-03-13T18:16:10Z,FALSE,NA
40093f-BAW4VK-2019-03-13-0,2065,EGLL,ENGM,NA,NA,FALSE,NA
40093f-BAW576V-2019-03-13-0,1663,EGLL,LIML,2019-03-13T10:08:42Z,2019-03-13T11:31:57Z,FALSE,NA
40093f-BAW577-2019-03-13-0,2665,LIML,EGLL,2019-03-13T12:37:13Z,2019-03-13T14:24:24Z,TRUE,27L
40093f-BAW577-2019-03-13-0,2665,LIML,EGLL,NA,NA,TRUE,27L
40093f-BAW769-2019-03-13-0,2331,NA,EGLL,2019-03-13T19:30:12Z,2019-03-13T21:10:33Z,TRUE,27R
40093f-BAW769-2019-03-13-0,2331,NA,EGLL,NA,NA,TRUE,27R
400940-BAW14R-2019-03-13-0,1682,EGLL,LSZH,2019-03-13T13:14:39Z,2019-03-13T14:33:40Z,FALSE,NA
400940-BAW717T-2019-03-13-0,2425,LSZH,EGLL,2019-03-13T15:33:08Z,2019-03-13T17:07:45Z,TRUE,27R
400940-BAW717T-2019-03-13-0,2425,LSZH,EGLL,NA,NA,TRUE,27R
400940-BAW917-2019-03-13-0,3850,EDDS,EGLL,2019-03-13T09:46:38Z,2019-03-13T11:27:59Z,TRUE,27L
400940-BAW917-2019-03-13-0,3850,EDDS,EGLL,NA,NA,TRUE,27L
400940-BAW918-2019-03-13-0,1758,EGLL,EDDS,2019-03-13T07:44:56Z,2019-03-13T08:51:43Z,FALSE,NA
400940-BAW918-2019-03-13-0,1758,EGLL,EDDS,NA,NA,FALSE,NA
400940-BAW988G-2019-03-13-0,1837,EGLL,EDDT,2019-03-13T19:03:58Z,2019-03-13T20:25:20Z,FALSE,NA
400941-BAW314-2019-03-13-0,2736,EGLL,LFPG,2019-03-13T13:26:24Z,2019-03-13T14:11:59Z,FALSE,NA
400941-BAW314-2019-03-13-0,2736,EGLL,LFPG,NA,NA,FALSE,NA
400941-BAW319A-2019-03-13-0,2938,LFPG,EGLL,2019-03-13T15:32:45Z,2019-03-13T16:21:42Z,TRUE,27R
400941-BAW319A-2019-03-13-0,2938,LFPG,EGLL,NA,NA,TRUE,27R
400941-BAW6DU-2019-03-13-0,2912,EDDL,EGLL,2019-03-13T19:39:35Z,2019-03-13T20:42:18Z,TRUE,27R
400941-BAW6DU-2019-03-13-0,2912,EDDL,EGLL,NA,NA,TRUE,27R
400941-BAW724-2019-03-13-0,1830,EGLL,LSGG,2019-03-13T07:07:27Z,2019-03-13T08:21:57Z,FALSE,NA
400941-BAW725-2019-03-13-0,3777,LSGG,EGLL,2019-03-13T10:04:15Z,2019-03-13T11:43:07Z,TRUE,27L
400941-BAW725-2019-03-13-0,3777,LSGG,EGLL,NA,NA,TRUE,27L
400941-BAW932-2019-03-13-0,2013,EGLL,EDDL,2019-03-13T17:36:42Z,2019-03-13T18:30:26Z,FALSE,NA
400941-BAW932-2019-03-13-0,2013,EGLL,EDDL,NA,NA,FALSE,NA
40095d-BAW675-2019-03-13-0,3681,LTBA,EGLL,2019-03-13T08:02:09Z,2019-03-13T11:53:10Z,TRUE,27L
40095d-BAW675-2019-03-13-0,3681,LTBA,EGLL,NA,NA,TRUE,27L
40095d-BAW87AM-2019-03-13-0,2325,EDDT,EGLL,2019-03-13T18:55:35Z,2019-03-13T20:22:46Z,TRUE,27R
40095d-BAW87AM-2019-03-13-0,2325,EDDT,EGLL,NA,NA,TRUE,27R
40095d-BAW986G-2019-03-13-0,1865,EGLL,EDDT,2019-03-13T16:21:09Z,2019-03-13T17:41:17Z,FALSE,NA
400960-BAW466-2019-03-13-0,1749,EGLL,NA,2019-03-13T08:43:07Z,2019-03-13T09:38:37Z,FALSE,NA
400960-BAW466-2019-03-13-0,1749,EGLL,NA,NA,NA,FALSE,NA
400960-BAW467-2019-03-13-0,3298,NA,EGLL,2019-03-13T11:58:46Z,2019-03-13T13:29:28Z,TRUE,27L
400960-BAW467-2019-03-13-0,3298,NA,EGLL,NA,NA,TRUE,27L
400960-BAW502-2019-03-13-0,1690,EGLL,LPPT,2019-03-13T15:25:41Z,2019-03-13T16:12:24Z,FALSE,NA
400960-BAW503-2019-03-13-0,2460,LPPT,EGLL,2019-03-13T20:12:52Z,2019-03-13T21:06:12Z,TRUE,27R
400960-BAW503-2019-03-13-0,2460,LPPT,EGLL,NA,NA,TRUE,27R
400965-BAW148-2019-03-13-0,3290,NA,EGLL,2019-03-13T08:37:23Z,2019-03-13T12:56:46Z,TRUE,27L
400965-BAW149-2019-03-13-0,1796,EGLL,NA,2019-03-13T16:03:58Z,2019-03-13T18:08:52Z,FALSE,NA
400966-BAW147-2019-03-13-0,1809,EGLL,NA,2019-03-13T15:13:15Z,2019-03-13T17:19:23Z,FALSE,NA
400966-BAW236-2019-03-13-0,2811,UUDD,EGLL,2019-03-13T03:00:30Z,2019-03-13T06:47:52Z,TRUE,27R
40097c-SHT88J-2019-03-13-0,3357,EGAC,EGLL,2019-03-13T09:58:46Z,2019-03-13T11:07:30Z,TRUE,27L
40097c-SHT88J-2019-03-13-0,3357,EGAC,EGLL,NA,NA,TRUE,27L
40097d-BAW792-2019-03-13-0,2068,EGLL,ESGG,2019-03-13T14:49:38Z,2019-03-13T16:24:58Z,FALSE,NA
40097d-BAW792-2019-03-13-0,2068,EGLL,ESGG,NA,NA,FALSE,NA
40097d-BAW793-2019-03-13-0,2797,ESGG,EGLL,2019-03-13T17:46:44Z,2019-03-13T19:32:59Z,TRUE,27R
40097d-BAW793-2019-03-13-0,2797,ESGG,EGLL,NA,NA,TRUE,27R
40097d-BAW885R-2019-03-13-0,3460,LROP,EGLL,2019-03-13T08:56:45Z,2019-03-13T12:13:27Z,TRUE,27L
40097d-BAW885R-2019-03-13-0,3460,LROP,EGLL,NA,NA,TRUE,27L
40097e-BAW27G-2019-03-13-0,3253,LSGG,EGLL,2019-03-13T11:42:30Z,2019-03-13T13:12:53Z,TRUE,27L
40097e-BAW27G-2019-03-13-0,3253,LSGG,EGLL,NA,NA,TRUE,27L
40097e-BAW404R-2019-03-13-0,2203,EGLL,EBMB,2019-03-13T20:37:34Z,2019-03-13T21:14:21Z,FALSE,NA
40097e-BAW404R-2019-03-13-0,2203,EGLL,EBMB,NA,NA,FALSE,NA
40097e-BAW726B-2019-03-13-0,1724,EGLL,LSGG,2019-03-13T08:54:10Z,2019-03-13T10:08:08Z,FALSE,NA
40097e-BAW726B-2019-03-13-0,1724,EGLL,LSGG,NA,NA,FALSE,NA
40097e-BAW818-2019-03-13-0,2008,EGLL,EKCH,2019-03-13T14:32:35Z,2019-03-13T15:58:41Z,FALSE,NA
40097e-BAW818-2019-03-13-0,2008,EGLL,EKCH,NA,NA,FALSE,NA
40097e-BAW819-2019-03-13-0,2513,EKCH,EGLL,2019-03-13T17:14:54Z,2019-03-13T18:45:57Z,TRUE,27R
40097e-BAW963-2019-03-13-0,3269,EDDH,EGLL,2019-03-13T06:09:15Z,2019-03-13T07:37:27Z,TRUE,27L
40097e-BAW963-2019-03-13-0,3269,EDDH,EGLL,NA,NA,TRUE,27L
40097f-BAW730-2019-03-13-0,1704,EGLL,LSGG,2019-03-13T12:50:02Z,2019-03-13T13:55:26Z,FALSE,NA
40097f-BAW730-2019-03-13-0,1704,EGLL,LSGG,NA,NA,FALSE,NA
40097f-BAW731-2019-03-13-0,2788,LSGG,EGLL,2019-03-13T14:59:51Z,2019-03-13T16:23:12Z,TRUE,27R
40097f-BAW731-2019-03-13-0,2788,LSGG,EGLL,NA,NA,TRUE,27R
40097f-BAW83D-2019-03-13-0,2344,EIDW,EGLL,2019-03-13T20:09:41Z,2019-03-13T20:57:27Z,TRUE,27R
40097f-BAW85Q-2019-03-13-0,2474,EGLL,EIDW,2019-03-13T17:56:17Z,2019-03-13T18:51:59Z,FALSE,NA
40097f-BAW85Q-2019-03-13-0,2474,EGLL,EIDW,NA,NA,FALSE,NA
40097f-SHT12J-2019-03-13-0,2460,EGLL,NA,2019-03-13T07:49:58Z,2019-03-13T08:30:57Z,FALSE,NA
40097f-SHT12J-2019-03-13-0,2460,EGLL,NA,NA,NA,FALSE,NA
40097f-SHT13E-2019-03-13-0,3806,NA,EGLL,2019-03-13T10:09:21Z,2019-03-13T11:14:46Z,TRUE,27L
40097f-SHT13E-2019-03-13-0,3806,NA,EGLL,NA,NA,TRUE,27L
400980-BAW16GM-2019-03-13-0,1596,EGLL,LIML,2019-03-13T19:03:07Z,2019-03-13T20:26:40Z,FALSE,NA
400980-BAW84W-2019-03-13-0,2372,EGLL,EIDW,2019-03-13T06:44:06Z,2019-03-13T07:41:41Z,FALSE,NA
400980-BAW84W-2019-03-13-0,2372,EGLL,EIDW,NA,NA,FALSE,NA
400981-BAW59T-2019-03-13-0,1743,EGLL,LGAV,2019-03-13T09:15:29Z,2019-03-13T12:14:53Z,FALSE,NA
400981-BAW66GA-2019-03-13-0,2424,NA,EGLL,2019-03-13T13:34:19Z,2019-03-13T17:06:10Z,TRUE,27R
400981-BAW66GA-2019-03-13-0,2424,NA,EGLL,NA,NA,TRUE,27R
400981-SHT8L-2019-03-13-0,2493,EGLL,EGPH,2019-03-13T18:46:38Z,2019-03-13T19:51:05Z,FALSE,NA
400981-SHT8L-2019-03-13-0,2493,EGLL,EGPH,NA,NA,FALSE,NA
400981-SHT9E-2019-03-13-0,2303,EGPH,EGLL,2019-03-13T21:13:26Z,2019-03-13T22:06:57Z,TRUE,27R
400981-SHT9E-2019-03-13-0,2303,EGPH,EGLL,NA,NA,TRUE,27R
400982-BAW26AV-2019-03-13-0,1717,EGLL,LGAV,2019-03-13T20:21:33Z,2019-03-13T23:14:58Z,FALSE,NA
400982-BAW81D-2019-03-13-0,2324,EIDW,EGLL,2019-03-13T16:01:40Z,2019-03-13T16:49:12Z,TRUE,27R
400982-BAW84DM-2019-03-13-0,2555,EGLL,EIDW,2019-03-13T13:59:43Z,2019-03-13T14:58:17Z,FALSE,NA
400982-BAW948M-2019-03-13-0,1740,EGLL,EDDM,2019-03-13T07:18:19Z,2019-03-13T08:40:29Z,FALSE,NA
400982-BAW949L-2019-03-13-0,3584,EDDM,EGLL,2019-03-13T10:00:02Z,2019-03-13T12:01:58Z,TRUE,27L
400982-BAW949L-2019-03-13-0,3584,EDDM,EGLL,NA,NA,TRUE,27L
4009c5-BAW18LX-2019-03-13-0,1782,EGLL,ELLX,2019-03-13T15:58:51Z,2019-03-13T17:01:56Z,FALSE,NA
4009c5-BAW18LX-2019-03-13-0,1782,EGLL,ELLX,NA,NA,FALSE,NA
4009c5-BAW19LX-2019-03-13-0,2675,ELLX,EGLL,2019-03-13T18:01:26Z,2019-03-13T19:10:47Z,TRUE,27R
4009c5-BAW19LX-2019-03-13-0,2675,ELLX,EGLL,NA,NA,TRUE,27R
4009c5-BAW795-2019-03-13-0,3880,EFHK,EGLL,2019-03-13T08:13:04Z,2019-03-13T11:16:11Z,TRUE,27L
4009c5-BAW795-2019-03-13-0,3880,EFHK,EGLL,NA,NA,TRUE,27L
4009c6-BAW938-2019-03-13-0,2065,EGLL,EDDL,2019-03-13T10:07:48Z,2019-03-13T11:06:12Z,FALSE,NA
4009c6-BAW939-2019-03-13-0,3037,EDDL,EGLL,2019-03-13T12:05:00Z,2019-03-13T13:11:29Z,TRUE,27L
4009c6-BAW939-2019-03-13-0,3037,EDDL,EGLL,NA,NA,TRUE,27L
4009c6-BAW946-2019-03-13-0,1900,EGLL,EDDL,2019-03-13T20:16:31Z,2019-03-13T21:07:48Z,FALSE,NA
4009c6-SHT6E-2019-03-13-0,2341,EGLL,EGPF,2019-03-13T15:17:31Z,2019-03-13T16:23:36Z,FALSE,NA
4009c6-SHT7U-2019-03-13-0,2303,EGPF,EGLL,2019-03-13T17:49:33Z,2019-03-13T18:43:24Z,TRUE,27R
4009c7-BAW732-2019-03-13-0,1665,EGLL,LSGG,2019-03-13T13:39:16Z,2019-03-13T14:41:29Z,FALSE,NA
4009c7-BAW732-2019-03-13-0,1665,EGLL,LSGG,NA,NA,FALSE,NA
4009c7-BAW733C-2019-03-13-0,2760,LSGG,EGLL,2019-03-13T15:51:20Z,2019-03-13T17:14:39Z,TRUE,27R
4009c7-BAW733C-2019-03-13-0,2760,LSGG,EGLL,NA,NA,TRUE,27R
4009c7-BAW990G-2019-03-13-0,1913,EGLL,EDDT,2019-03-13T07:36:07Z,2019-03-13T08:57:38Z,FALSE,NA
4009c7-BAW990G-2019-03-13-0,1913,EGLL,EDDT,NA,NA,FALSE,NA
4009c7-BAW991-2019-03-13-0,3560,EDDT,EGLL,2019-03-13T10:19:11Z,2019-03-13T12:07:44Z,TRUE,27L
4009c7-BAW991-2019-03-13-0,3560,EDDT,EGLL,NA,NA,TRUE,27L
4009c7-SHT2K-2019-03-13-0,2196,EGLL,EGCC,2019-03-13T18:44:34Z,2019-03-13T19:21:10Z,FALSE,NA
4009c7-SHT2K-2019-03-13-0,2196,EGLL,EGCC,NA,NA,FALSE,NA
4009d8-BAW368-2019-03-13-0,1679,EGLL,LFML,2019-03-13T11:23:16Z,2019-03-13T12:44:26Z,FALSE,NA
4009d8-BAW369-2019-03-13-0,2847,LFML,EGLL,2019-03-13T13:57:37Z,2019-03-13T15:38:49Z,TRUE,27R
4009d8-BAW369-2019-03-13-0,2847,LFML,EGLL,NA,NA,TRUE,27R
4009d8-BAW486-2019-03-13-0,1606,EGLL,LEBL,2019-03-13T16:58:06Z,2019-03-13T18:20:56Z,FALSE,NA
4009d8-BAW486-2019-03-13-0,1606,EGLL,LEBL,NA,NA,FALSE,NA
4009d8-BAW487-2019-03-13-0,2950,LEBL,EGLL,2019-03-13T19:40:15Z,2019-03-13T21:44:14Z,TRUE,27R
4009d8-BAW487-2019-03-13-0,2950,LEBL,EGLL,NA,NA,TRUE,27R
4009d8-BAW499-2019-03-13-0,3366,LPPT,EGLL,2019-03-13T09:11:22Z,2019-03-13T10:17:58Z,TRUE,27L
4009d8-BAW499-2019-03-13-0,3366,LPPT,EGLL,NA,NA,TRUE,27L
4009d9-BAW540-2019-03-13-0,1758,EGLL,LIPM,2019-03-13T09:11:10Z,2019-03-13T10:40:24Z,FALSE,NA
4009d9-BAW541A-2019-03-13-0,2933,NA,EGLL,2019-03-13T12:08:00Z,2019-03-13T14:04:12Z,TRUE,27L
4009d9-BAW541A-2019-03-13-0,2933,NA,EGLL,NA,NA,TRUE,27L
4009d9-SHT86U-2019-03-13-0,2563,EGLL,EGAD,2019-03-13T19:22:38Z,2019-03-13T20:19:21Z,FALSE,NA
4009d9-SHT86U-2019-03-13-0,2563,EGLL,EGAD,NA,NA,FALSE,NA
4009da-BAW884-2019-03-13-0,1781,EGLL,LROP,2019-03-13T17:58:15Z,2019-03-13T20:33:49Z,FALSE,NA
4009da-BAW884-2019-03-13-0,1781,EGLL,LROP,NA,NA,FALSE,NA
4009da-BAW891-2019-03-13-0,2979,NA,EGLL,2019-03-13T12:31:03Z,2019-03-13T15:33:40Z,TRUE,27R
4009da-BAW891-2019-03-13-0,2979,NA,EGLL,NA,NA,TRUE,27R
4009da-BAW90BG-2019-03-13-0,1718,EGLL,NA,2019-03-13T08:31:16Z,2019-03-13T10:37:19Z,FALSE,NA
4009db-BAW35MM-2019-03-13-0,1640,EGLL,LFML,2019-03-13T17:43:44Z,2019-03-13T19:05:45Z,FALSE,NA
4009db-BAW35MM-2019-03-13-0,1640,EGLL,LFML,NA,NA,FALSE,NA
4009db-BAW371-2019-03-13-0,2933,LFML,EGLL,2019-03-13T20:15:33Z,2019-03-13T22:02:30Z,TRUE,27R
4009db-BAW371-2019-03-13-0,2933,LFML,EGLL,NA,NA,TRUE,27R
4009db-BAW474-2019-03-13-0,1656,EGLL,LEBL,2019-03-13T11:06:40Z,2019-03-13T12:28:49Z,FALSE,NA
4009db-BAW475-2019-03-13-0,3094,LEBL,EGLL,2019-03-13T14:12:53Z,2019-03-13T16:18:40Z,TRUE,27R
4009db-BAW475-2019-03-13-0,3094,LEBL,EGLL,NA,NA,TRUE,27R
4009db-BAW4AB-2019-03-13-0,3406,EDDT,EGLL,2019-03-13T06:25:34Z,2019-03-13T08:12:12Z,TRUE,27L
4009db-BAW4AB-2019-03-13-0,3406,EDDT,EGLL,NA,NA,TRUE,27L
400a0e-BAW9275-2019-03-13-0,2378,EGAC,EGLL,2019-03-13T17:27:32Z,2019-03-13T18:18:10Z,TRUE,27R
400a0e-BAW9275-2019-03-13-0,2378,EGAC,EGLL,NA,NA,TRUE,27R
400a25-BAW43HA-2019-03-13-0,3443,EHAM,EGLL,NA,NA,TRUE,27R
400a25-BAW43HA-2019-03-13-0,3443,EHAM,EGLL,2019-03-13T20:54:32Z,2019-03-13T22:00:21Z,TRUE,27R
400a25-BAW442-2019-03-13-0,2848,EGLL,EHAM,2019-03-13T19:11:19Z,2019-03-13T20:02:58Z,FALSE,NA
400a25-BAW442-2019-03-13-0,2848,EGLL,EHAM,NA,NA,FALSE,NA
400a25-BAW563-2019-03-13-0,2829,LIML,EGLL,2019-03-13T14:33:31Z,2019-03-13T16:19:59Z,TRUE,27R
400a25-BAW563-2019-03-13-0,2829,LIML,EGLL,NA,NA,TRUE,27R
400a25-BAW62MM-2019-03-13-0,1697,EGLL,LIML,2019-03-13T12:20:15Z,2019-03-13T13:45:29Z,FALSE,NA
400a25-SHT86L-2019-03-13-0,2207,EGLL,EGAD,2019-03-13T06:34:50Z,2019-03-13T07:25:59Z,FALSE,NA
400a25-SHT86L-2019-03-13-0,2207,EGLL,EGAD,NA,NA,FALSE,NA
400a25-SHT88T-2019-03-13-0,3124,EGAC,EGLL,2019-03-13T08:56:25Z,2019-03-13T10:00:27Z,TRUE,27L
400a25-SHT88T-2019-03-13-0,3124,EGAC,EGLL,NA,NA,TRUE,27L
400a66-BAW155-2019-03-13-0,1731,EGLL,NA,2019-03-13T19:58:41Z,2019-03-13T23:14:29Z,FALSE,NA
400a66-BAW155-2019-03-13-0,1731,EGLL,NA,NA,NA,FALSE,NA
400a66-BAW232-2019-03-13-0,2466,UUDD,EGLL,2019-03-13T13:54:14Z,2019-03-13T17:32:29Z,TRUE,27R
400a66-BAW232-2019-03-13-0,2466,UUDD,EGLL,NA,NA,TRUE,27R
400a90-VIR103M-2019-03-13-0,1906,EGLL,NA,2019-03-13T10:04:12Z,2019-03-13T11:05:55Z,FALSE,NA
400afb-BAW780F-2019-03-13-0,2055,EGLL,ESSA,2019-03-13T13:35:55Z,2019-03-13T15:41:50Z,FALSE,NA
400afb-BAW780F-2019-03-13-0,2055,EGLL,ESSA,NA,NA,FALSE,NA
400afb-BAW781C-2019-03-13-0,2586,ESSA,EGLL,2019-03-13T17:13:10Z,2019-03-13T19:20:22Z,TRUE,27R
400afb-BAW781C-2019-03-13-0,2586,ESSA,EGLL,NA,NA,TRUE,27R
400afb-BAW830-2019-03-13-0,2335,EGLL,EIDW,2019-03-13T08:45:12Z,2019-03-13T09:47:42Z,FALSE,NA
400afb-BAW830-2019-03-13-0,2335,EGLL,EIDW,NA,NA,FALSE,NA
400afb-BAW845D-2019-03-13-0,3136,EIWT,EGLL,2019-03-13T11:10:04Z,2019-03-13T12:11:52Z,TRUE,27L
400afb-BAW845D-2019-03-13-0,3136,EIWT,EGLL,NA,NA,TRUE,27L
400afc-BAW309-2019-03-13-0,3215,LFPG,EGLL,2019-03-13T11:15:32Z,2019-03-13T12:09:06Z,TRUE,27L
400afc-BAW309-2019-03-13-0,3215,LFPG,EGLL,NA,NA,TRUE,27L
400afc-BAW352-2019-03-13-0,1629,EGLL,NA,2019-03-13T20:35:39Z,2019-03-13T21:40:56Z,FALSE,NA
400afc-BAW352-2019-03-13-0,1629,EGLL,NA,NA,NA,FALSE,NA
400afc-BAW4DC-2019-03-13-0,2686,EGLL,LFPG,2019-03-13T09:00:50Z,2019-03-13T09:47:49Z,FALSE,NA
400afc-SHT8Y-2019-03-13-0,2412,EGLL,EGPH,2019-03-13T15:33:27Z,2019-03-13T16:36:15Z,FALSE,NA
400afc-SHT8Y-2019-03-13-0,2412,EGLL,EGPH,NA,NA,FALSE,NA
400afc-SHT9G-2019-03-13-0,2224,EGPH,EGLL,2019-03-13T17:38:59Z,2019-03-13T18:31:47Z,TRUE,27R
400afc-SHT9G-2019-03-13-0,2224,EGPH,EGLL,NA,NA,TRUE,27R
400afd-BAW2DP-2019-03-13-0,1659,EGLL,LFBO,2019-03-13T07:59:56Z,2019-03-13T09:11:59Z,FALSE,NA
400afd-BAW2DP-2019-03-13-0,1659,EGLL,LFBO,NA,NA,FALSE,NA
400afd-BAW444-2019-03-13-0,2929,EGLL,EHAM,2019-03-13T20:25:21Z,2019-03-13T21:23:13Z,FALSE,NA
400afd-BAW444-2019-03-13-0,2929,EGLL,EHAM,NA,NA,FALSE,NA
400afd-BAW4DP-2019-03-13-0,3448,LFBO,EGLL,2019-03-13T10:53:47Z,2019-03-13T12:39:54Z,TRUE,27L
400afd-BAW4DP-2019-03-13-0,3448,LFBO,EGLL,NA,NA,TRUE,27L
400afd-SHT12N-2019-03-13-0,2462,EGLL,NA,2019-03-13T15:15:16Z,2019-03-13T15:56:28Z,FALSE,NA
400afd-SHT13K-2019-03-13-0,2483,NA,EGLL,2019-03-13T17:08:47Z,2019-03-13T17:52:27Z,TRUE,27R
400afe-BAW543Q-2019-03-13-0,3357,NA,EGLL,2019-03-13T07:36:14Z,2019-03-13T09:37:55Z,TRUE,27L
400afe-BAW543Q-2019-03-13-0,3357,NA,EGLL,NA,NA,TRUE,27L
400afe-BAW778F-2019-03-13-0,1978,EGLL,ESSA,2019-03-13T11:05:32Z,2019-03-13T13:03:23Z,FALSE,NA
400afe-BAW779C-2019-03-13-0,2512,ESSA,EGLL,2019-03-13T14:27:20Z,2019-03-13T16:36:18Z,TRUE,27R
400afe-BAW779C-2019-03-13-0,2512,ESSA,EGLL,NA,NA,TRUE,27R
400afe-BAW828Y-2019-03-13-0,2420,EGLL,EIDW,2019-03-13T18:42:04Z,2019-03-13T19:48:55Z,FALSE,NA
400afe-BAW828Y-2019-03-13-0,2420,EGLL,EIDW,NA,NA,FALSE,NA
400afe-BAW829-2019-03-13-0,2379,EIDW,EGLL,2019-03-13T20:59:24Z,2019-03-13T21:47:17Z,TRUE,27R
400aff-BAW398R-2019-03-13-0,2450,EGLL,EBMB,2019-03-13T15:30:11Z,2019-03-13T16:12:41Z,FALSE,NA
400aff-BAW398R-2019-03-13-0,2450,EGLL,EBMB,NA,NA,FALSE,NA
400aff-BAW399R-2019-03-13-0,3127,EBBR,EGLL,2019-03-13T17:24:52Z,2019-03-13T18:16:58Z,TRUE,27R
400aff-BAW399R-2019-03-13-0,3127,EBBR,EGLL,NA,NA,TRUE,27R
400aff-BAW3ZL-2019-03-13-0,3114,LSZH,EGLL,2019-03-13T12:20:34Z,2019-03-13T14:01:20Z,TRUE,27L
400aff-BAW423-2019-03-13-0,3521,EHAM,EGLL,2019-03-13T06:40:08Z,2019-03-13T07:38:58Z,TRUE,27L
400aff-BAW423-2019-03-13-0,3521,EHAM,EGLL,NA,NA,TRUE,27L
400aff-BAW544K-2019-03-13-0,1654,EGLL,LIPM,2019-03-13T20:38:43Z,2019-03-13T21:59:03Z,FALSE,NA
400aff-BAW544K-2019-03-13-0,1654,EGLL,LIPM,NA,NA,FALSE,NA
400aff-BAW712T-2019-03-13-0,1747,EGLL,LSZH,2019-03-13T09:38:42Z,2019-03-13T11:00:22Z,FALSE,NA
400aff-BAW712T-2019-03-13-0,1747,EGLL,LSZH,NA,NA,FALSE,NA
400b00-BAW45EM-2019-03-13-0,3039,LEMD,EGLL,2019-03-13T12:10:47Z,2019-03-13T13:40:27Z,TRUE,27L
400b00-BAW45EM-2019-03-13-0,3039,LEMD,EGLL,NA,NA,TRUE,27L
400b00-BAW542-2019-03-13-0,1660,EGLL,LIDE,2019-03-13T15:50:20Z,2019-03-13T17:14:39Z,FALSE,NA
400b00-BAW542-2019-03-13-0,1660,EGLL,LIDE,NA,NA,FALSE,NA
400b00-BAW545-2019-03-13-0,2702,NA,EGLL,2019-03-13T18:26:50Z,2019-03-13T20:18:28Z,TRUE,27R
400b00-BAW545-2019-03-13-0,2702,NA,EGLL,NA,NA,TRUE,27R
400b00-BAW71MA-2019-03-13-0,1767,EGLL,LEMD,2019-03-13T08:10:36Z,2019-03-13T08:58:53Z,FALSE,NA
400ceb-BAW462-2019-03-13-0,1681,EGLL,LEMD,2019-03-13T16:38:33Z,2019-03-13T17:32:38Z,FALSE,NA
400ceb-BAW462-2019-03-13-0,1681,EGLL,LEMD,NA,NA,FALSE,NA
400ceb-BAW463-2019-03-13-0,2785,LEMD,EGLL,2019-03-13T20:12:07Z,2019-03-13T21:40:47Z,TRUE,27R
400ceb-BAW463-2019-03-13-0,2785,LEMD,EGLL,NA,NA,TRUE,27R
400ceb-BAW551-2019-03-13-0,3272,LIRF,EGLL,2019-03-13T07:37:05Z,2019-03-13T10:05:21Z,TRUE,27L
400ceb-BAW551-2019-03-13-0,3272,LIRF,EGLL,NA,NA,TRUE,27L
400ceb-SHT2N-2019-03-13-0,2123,EGLL,EGCC,2019-03-13T12:41:06Z,2019-03-13T13:16:28Z,FALSE,NA
400ceb-SHT3J-2019-03-13-0,1968,EGCC,EGLL,2019-03-13T14:21:39Z,2019-03-13T14:54:26Z,TRUE,27L
400d58-VIR412W-2019-03-13-0,2546,NA,EGLL,2019-03-13T13:50:58Z,2019-03-13T16:13:51Z,TRUE,27R
400d58-VIR412W-2019-03-13-0,2546,NA,EGLL,NA,NA,TRUE,27R
400d89-BAW554R-2019-03-13-0,1696,EGLL,LIRF,2019-03-13T10:13:02Z,2019-03-13T12:04:48Z,FALSE,NA
400d89-BAW555-2019-03-13-0,2711,LIRF,EGLL,2019-03-13T13:39:30Z,2019-03-13T15:54:59Z,TRUE,27R
400d89-BAW901U-2019-03-13-0,3553,EDDF,EGLL,2019-03-13T06:48:54Z,2019-03-13T08:26:10Z,TRUE,27R
400d89-BAW901U-2019-03-13-0,3553,EDDF,EGLL,NA,NA,TRUE,27R
400d89-BAW978J-2019-03-13-0,1888,EGLL,EDDV,2019-03-13T17:12:14Z,2019-03-13T18:18:20Z,FALSE,NA
400d89-BAW97DV-2019-03-13-0,2369,EDDV,EGLL,2019-03-13T19:21:04Z,2019-03-13T20:29:36Z,TRUE,27R
400e09-VIR26Q-2019-03-13-0,2191,KJFK,EGLL,2019-03-13T18:22:23Z,2019-03-13T19:28:37Z,TRUE,27R
400e09-VIR26Q-2019-03-13-0,2191,KJFK,EGLL,NA,NA,TRUE,27R
400e09-VIR411Y-2019-03-13-0,1610,EGLL,NA,2019-03-13T22:47:55Z,2019-03-13T23:59:59Z,FALSE,NA
400e09-VIR411Y-2019-03-13-0,1610,EGLL,NA,NA,NA,FALSE,NA
400e51-BAW41HA-2019-03-13-0,3720,EHAM,EGLL,2019-03-13T20:03:34Z,2019-03-13T21:08:00Z,TRUE,27R
400e51-BAW41HA-2019-03-13-0,3720,EHAM,EGLL,NA,NA,TRUE,27R
400e51-BAW440-2019-03-13-0,2384,EGLL,EHAM,2019-03-13T18:02:47Z,2019-03-13T18:45:59Z,FALSE,NA
400e51-BAW440-2019-03-13-0,2384,EGLL,EHAM,NA,NA,FALSE,NA
400e51-SHT6C-2019-03-13-0,2162,EGLL,EGPF,2019-03-13T06:50:37Z,2019-03-13T07:53:41Z,FALSE,NA
400e51-SHT6C-2019-03-13-0,2162,EGLL,EGPF,NA,NA,FALSE,NA
400e51-SHT7Y-2019-03-13-0,3258,EGPF,EGLL,2019-03-13T09:37:39Z,2019-03-13T10:47:29Z,TRUE,27L
400e51-SHT7Y-2019-03-13-0,3258,EGPF,EGLL,NA,NA,TRUE,27L
400e51-SHT8G-2019-03-13-0,2291,EGLL,EGPH,2019-03-13T12:11:51Z,2019-03-13T13:12:28Z,FALSE,NA
400e51-SHT9K-2019-03-13-0,2424,EGPH,EGLL,2019-03-13T14:28:56Z,2019-03-13T15:24:43Z,TRUE,27R
400e51-SHT9K-2019-03-13-0,2424,EGPH,EGLL,NA,NA,TRUE,27R
400e75-VIR10H-2019-03-13-0,2756,KJFK,EGLL,2019-03-13T08:05:37Z,2019-03-13T09:22:25Z,TRUE,27L
400e75-VIR10H-2019-03-13-0,2756,KJFK,EGLL,NA,NA,TRUE,27L
400e75-VIR45W-2019-03-13-0,1922,EGLL,KJFK,2019-03-13T14:51:21Z,2019-03-13T15:53:42Z,FALSE,NA
400e75-VIR45W-2019-03-13-0,1922,EGLL,KJFK,NA,NA,FALSE,NA
400f0b-VIR104L-2019-03-13-0,3125,NA,EGLL,2019-03-13T05:56:00Z,2019-03-13T07:17:23Z,TRUE,27L
400f0b-VIR104L-2019-03-13-0,3125,NA,EGLL,NA,NA,TRUE,27L
400f0b-VIR25B-2019-03-13-0,1973,EGLL,KJFK,2019-03-13T20:22:37Z,2019-03-13T21:26:11Z,FALSE,NA
400f63-VIR138M-2019-03-13-0,3180,KJFK,EGLL,2019-03-13T07:05:22Z,2019-03-13T08:30:18Z,TRUE,27L
400f63-VIR138M-2019-03-13-0,3180,KJFK,EGLL,NA,NA,TRUE,27L
400f63-VIR1F-2019-03-13-0,1948,EGLL,KEWR,2019-03-13T16:46:07Z,2019-03-13T17:49:40Z,FALSE,NA
400f63-VIR1F-2019-03-13-0,1948,EGLL,KEWR,NA,NA,FALSE,NA
4010db-BAW936-2019-03-13-0,1929,EGLL,EDDL,2019-03-13T07:19:10Z,2019-03-13T08:20:44Z,FALSE,NA
4010db-BAW937-2019-03-13-0,3927,EDDL,EGLL,2019-03-13T10:03:36Z,2019-03-13T11:24:58Z,TRUE,27L
4010db-BAW937-2019-03-13-0,3927,EDDL,EGLL,NA,NA,TRUE,27L
4010db-SHT14P-2019-03-13-0,2042,EGPH,EGLL,2019-03-13T17:13:29Z,2019-03-13T18:03:45Z,TRUE,27R
4010db-SHT14P-2019-03-13-0,2042,EGPH,EGLL,NA,NA,TRUE,27R
4010db-SHT6M-2019-03-13-0,2358,EGLL,EGPF,2019-03-13T20:55:54Z,2019-03-13T21:59:51Z,FALSE,NA
4010db-SHT6M-2019-03-13-0,2358,EGLL,EGPF,NA,NA,FALSE,NA
4010db-SHT8A-2019-03-13-0,2322,EGLL,EGPH,2019-03-13T15:12:06Z,2019-03-13T16:13:26Z,FALSE,NA
4010dc-BAW426-2019-03-13-0,3347,EGLL,EHAM,2019-03-13T19:51:06Z,2019-03-13T21:01:19Z,FALSE,NA
4010dc-BAW426-2019-03-13-0,3347,EGLL,EHAM,NA,NA,FALSE,NA
4010dc-BAW427-2019-03-13-0,2286,EHAM,EGLL,2019-03-13T21:59:21Z,2019-03-13T22:37:39Z,TRUE,27R
4010dc-BAW427-2019-03-13-0,2286,EHAM,EGLL,NA,NA,TRUE,27R
4010dc-BAW438-2019-03-13-0,2532,EGLL,EHAM,2019-03-13T13:57:17Z,2019-03-13T14:49:59Z,FALSE,NA
4010dc-BAW438-2019-03-13-0,2532,EGLL,EHAM,NA,NA,FALSE,NA
4010dc-BAW439-2019-03-13-0,2708,EHAM,EGLL,2019-03-13T15:55:32Z,2019-03-13T16:47:28Z,TRUE,27R
4010dd-BAW446-2019-03-13-0,2323,EGLL,EHAM,2019-03-13T16:16:44Z,2019-03-13T17:07:08Z,FALSE,NA
4010dd-BAW447-2019-03-13-0,2449,EHAM,EGLL,2019-03-13T18:21:00Z,2019-03-13T19:01:52Z,TRUE,27R
4010dd-BAW447-2019-03-13-0,2449,EHAM,EGLL,NA,NA,TRUE,27R
4010dd-SHT13C-2019-03-13-0,3141,NA,EGLL,2019-03-13T08:56:54Z,2019-03-13T09:51:12Z,TRUE,27L
4010dd-SHT13C-2019-03-13-0,3141,NA,EGLL,NA,NA,TRUE,27L
4010dd-SHT2Q-2019-03-13-0,2290,EGLL,EGCC,2019-03-13T11:20:15Z,2019-03-13T11:58:24Z,FALSE,NA
4010dd-SHT3F-2019-03-13-0,2273,EGCC,EGLL,2019-03-13T13:07:48Z,2019-03-13T13:45:41Z,TRUE,27L
40123f-BAW45T-2019-03-13-0,3063,LIRF,EGLL,2019-03-13T11:08:29Z,2019-03-13T13:27:57Z,TRUE,27L
40123f-BAW45T-2019-03-13-0,3063,LIRF,EGLL,NA,NA,TRUE,27L
40123f-BAW548-2019-03-13-0,1756,EGLL,LIRF,2019-03-13T07:31:59Z,2019-03-13T09:21:44Z,FALSE,NA
40123f-BAW548-2019-03-13-0,1756,EGLL,LIRF,NA,NA,FALSE,NA
40123f-BAW590-2019-03-13-0,1627,EGLL,LIMC,2019-03-13T20:48:38Z,2019-03-13T22:05:49Z,FALSE,NA
40123f-BAW590-2019-03-13-0,1627,EGLL,LIMC,NA,NA,FALSE,NA
40123f-BAW94HG-2019-03-13-0,2245,EDDH,EGLL,2019-03-13T17:43:23Z,2019-03-13T18:53:20Z,TRUE,27R
40123f-BAW966H-2019-03-13-0,1888,EGLL,EDDH,2019-03-13T15:24:01Z,2019-03-13T16:30:57Z,FALSE,NA
401240-BAW130T-2019-03-13-0,2114,EGLL,ESGG,2019-03-13T19:31:32Z,2019-03-13T21:08:10Z,FALSE,NA
401240-BAW130T-2019-03-13-0,2114,EGLL,ESGG,NA,NA,FALSE,NA
401240-BAW561-2019-03-13-0,3148,LIML,EGLL,2019-03-13T07:00:36Z,2019-03-13T08:54:04Z,TRUE,27L
401240-BAW728-2019-03-13-0,1668,EGLL,LSGG,2019-03-13T10:19:44Z,2019-03-13T11:22:56Z,FALSE,NA
401240-BAW729-2019-03-13-0,2707,LSGG,EGLL,2019-03-13T13:01:45Z,2019-03-13T14:22:51Z,TRUE,27L
401240-BAW729-2019-03-13-0,2707,LSGG,EGLL,NA,NA,TRUE,27L
401240-SHT2P-2019-03-13-0,2232,EGLL,EGCC,2019-03-13T15:58:00Z,2019-03-13T16:35:11Z,FALSE,NA
401240-SHT2P-2019-03-13-0,2232,EGLL,EGCC,NA,NA,FALSE,NA
401240-SHT3V-2019-03-13-0,2029,EGCC,EGLL,2019-03-13T17:39:11Z,2019-03-13T18:12:59Z,TRUE,27R
401240-SHT3V-2019-03-13-0,2029,EGCC,EGLL,NA,NA,TRUE,27R
405455-BAW504-2019-03-13-0,1771,EGLL,LPPT,2019-03-13T19:37:19Z,2019-03-13T20:12:34Z,FALSE,NA
405455-BAW504-2019-03-13-0,1771,EGLL,LPPT,NA,NA,FALSE,NA
405455-BAW699W-2019-03-13-0,3479,LOWW,EGLL,2019-03-13T07:18:23Z,2019-03-13T09:42:10Z,TRUE,27L
405455-BAW699W-2019-03-13-0,3479,LOWW,EGLL,NA,NA,TRUE,27L
405455-BAW794-2019-03-13-0,1939,EGLL,EFHK,2019-03-13T11:25:56Z,2019-03-13T13:54:59Z,FALSE,NA
405455-BAW799-2019-03-13-0,2615,EFHK,EGLL,2019-03-13T15:12:36Z,2019-03-13T17:56:13Z,TRUE,27R
405456-BAW12DT-2019-03-13-0,2734,LHBP,EGLL,2019-03-13T17:10:32Z,2019-03-13T19:30:18Z,TRUE,27R
405456-BAW12DT-2019-03-13-0,2734,LHBP,EGLL,NA,NA,TRUE,27R
405456-BAW16MT-2019-03-13-0,3471,LFML,EGLL,2019-03-13T10:47:52Z,2019-03-13T12:38:39Z,TRUE,27L
405456-BAW16MT-2019-03-13-0,3471,LFML,EGLL,NA,NA,TRUE,27L
405456-BAW366-2019-03-13-0,1716,EGLL,LFML,2019-03-13T07:43:16Z,2019-03-13T09:06:45Z,FALSE,NA
405456-BAW366-2019-03-13-0,1716,EGLL,LFML,NA,NA,FALSE,NA
405456-BAW866H-2019-03-13-0,1767,EGLL,LHBP,2019-03-13T14:08:33Z,2019-03-13T15:56:51Z,FALSE,NA
40560b-BAW4LT-2019-03-13-0,1922,EGLL,EDDL,2019-03-13T16:05:05Z,2019-03-13T16:58:24Z,FALSE,NA
40560b-BAW5DL-2019-03-13-0,2858,EDDL,EGLL,2019-03-13T18:33:16Z,2019-03-13T19:35:39Z,TRUE,27R
40560b-BAW5DL-2019-03-13-0,2858,EDDL,EGLL,NA,NA,TRUE,27R
40560b-BAW846W-2019-03-13-0,1898,EGLL,EPWA,2019-03-13T08:51:14Z,2019-03-13T10:47:46Z,FALSE,NA
40560b-BAW846W-2019-03-13-0,1898,EGLL,EPWA,NA,NA,FALSE,NA
40560b-BAW847-2019-03-13-0,2430,EPWA,EGLL,2019-03-13T12:17:00Z,2019-03-13T14:27:59Z,TRUE,27L
40560b-BAW847-2019-03-13-0,2430,EPWA,EGLL,NA,NA,TRUE,27L
405a46-BAW720T-2019-03-13-0,1768,EGLL,LSZH,2019-03-13T19:52:27Z,2019-03-13T21:13:28Z,FALSE,NA
405a46-BAW720T-2019-03-13-0,1768,EGLL,LSZH,NA,NA,FALSE,NA
405a46-BAW878-2019-03-13-0,1953,EGLL,ULLI,2019-03-13T09:43:41Z,2019-03-13T12:26:46Z,FALSE,NA
405a46-BAW878-2019-03-13-0,1953,EGLL,ULLI,NA,NA,FALSE,NA
405a46-BAW879-2019-03-13-0,2425,ULLI,EGLL,2019-03-13T14:02:42Z,2019-03-13T17:01:42Z,TRUE,27R
405a46-BAW879-2019-03-13-0,2425,ULLI,EGLL,NA,NA,TRUE,27R
405a46-SHT19S-2019-03-13-0,2944,NA,EGLL,2019-03-13T06:36:15Z,2019-03-13T07:48:34Z,TRUE,27L
405a46-SHT19S-2019-03-13-0,2944,NA,EGLL,NA,NA,TRUE,27L
405a47-BAW478S-2019-03-13-0,1701,EGLL,LELL,2019-03-13T08:01:54Z,2019-03-13T09:26:27Z,FALSE,NA
405a47-BAW479-2019-03-13-0,3325,LEBL,EGLL,2019-03-13T11:24:53Z,2019-03-13T13:30:49Z,TRUE,27L
405a47-BAW479-2019-03-13-0,3325,LEBL,EGLL,NA,NA,TRUE,27L
405a47-BAW704W-2019-03-13-0,1718,EGLL,LOWW,2019-03-13T14:48:37Z,2019-03-13T16:29:23Z,FALSE,NA
405a47-BAW704W-2019-03-13-0,1718,EGLL,LOWW,NA,NA,FALSE,NA
405a47-BAW705-2019-03-13-0,2814,LOWW,EGLL,2019-03-13T17:33:00Z,2019-03-13T19:36:53Z,TRUE,27R
405a47-BAW705-2019-03-13-0,2814,LOWW,EGLL,NA,NA,TRUE,27R
405a48-BAW472-2019-03-13-0,1715,EGLL,LELL,2019-03-13T06:28:05Z,2019-03-13T07:51:56Z,FALSE,NA
405a48-BAW473-2019-03-13-0,3599,LEBL,EGLL,2019-03-13T09:53:47Z,2019-03-13T12:03:19Z,TRUE,27L
405a48-BAW473-2019-03-13-0,3599,LEBL,EGLL,NA,NA,TRUE,27L
405a48-BAW702-2019-03-13-0,1733,EGLL,LOWW,2019-03-13T13:37:10Z,2019-03-13T15:19:23Z,FALSE,NA
405a48-BAW702-2019-03-13-0,1733,EGLL,LOWW,NA,NA,FALSE,NA
405a48-BAW703-2019-03-13-0,2693,LOWW,EGLL,2019-03-13T16:18:19Z,2019-03-13T18:29:06Z,TRUE,27R
405a48-BAW703-2019-03-13-0,2693,LOWW,EGLL,NA,NA,TRUE,27R
405a48-BAW858-2019-03-13-0,1764,EGLL,LKPR,2019-03-13T19:38:03Z,2019-03-13T21:04:55Z,FALSE,NA
405a48-BAW858-2019-03-13-0,1764,EGLL,LKPR,NA,NA,FALSE,NA
405a49-BAW676-2019-03-13-0,1751,EGLL,NA,2019-03-13T11:51:43Z,2019-03-13T14:56:22Z,FALSE,NA
405a49-BAW676-2019-03-13-0,1751,EGLL,NA,NA,NA,FALSE,NA
405a49-BAW677-2019-03-13-0,2658,LTBA,EGLL,2019-03-13T16:36:20Z,2019-03-13T20:13:14Z,TRUE,27R
405a49-BAW677-2019-03-13-0,2658,LTBA,EGLL,NA,NA,TRUE,27R
405a49-BAW761-2019-03-13-0,3213,NA,EGLL,2019-03-13T07:09:58Z,2019-03-13T09:09:28Z,TRUE,27L
405a49-BAW761-2019-03-13-0,3213,NA,EGLL,NA,NA,TRUE,27L
405a49-SHT2F-2019-03-13-0,1935,EGLL,EGCC,2019-03-13T21:35:43Z,2019-03-13T22:07:57Z,FALSE,NA
405a49-SHT2F-2019-03-13-0,1935,EGLL,EGCC,NA,NA,FALSE,NA
405a4a-BAW32T-2019-03-13-0,1661,EGLL,LGAV,2019-03-13T12:58:29Z,2019-03-13T15:51:52Z,FALSE,NA
405a4a-BAW32T-2019-03-13-0,1661,EGLL,LGAV,NA,NA,FALSE,NA
405a4a-BAW633-2019-03-13-0,2835,NA,EGLL,2019-03-13T17:01:30Z,2019-03-13T20:40:35Z,TRUE,27R
405a4a-BAW633-2019-03-13-0,2835,NA,EGLL,NA,NA,TRUE,27R
405bfe-BAW118-2019-03-13-0,3347,VOBL,EGLL,2019-03-13T08:54:55Z,2019-03-13T12:59:12Z,TRUE,27L
405ee0-BAW428-2019-03-13-0,2506,EGLL,EHAM,2019-03-13T08:53:15Z,2019-03-13T09:43:54Z,FALSE,NA
405ee0-BAW428-2019-03-13-0,2506,EGLL,EHAM,NA,NA,FALSE,NA
405ee0-BAW429-2019-03-13-0,3877,EHAM,EGLL,2019-03-13T11:20:08Z,2019-03-13T12:24:52Z,TRUE,27L
405ee0-BAW429-2019-03-13-0,3877,EHAM,EGLL,NA,NA,TRUE,27L
405ee0-BAW6AM-2019-03-13-0,2737,EDDT,EGLL,2019-03-13T16:06:41Z,2019-03-13T17:41:40Z,TRUE,27R
405ee0-BAW6AM-2019-03-13-0,2737,EDDT,EGLL,NA,NA,TRUE,27R
405ee0-BAW972-2019-03-13-0,2001,EGLL,EDDH,2019-03-13T19:29:34Z,2019-03-13T20:42:59Z,FALSE,NA
405ee0-BAW972-2019-03-13-0,2001,EGLL,EDDH,NA,NA,FALSE,NA
405ee0-BAW984G-2019-03-13-0,1964,EGLL,EDDT,2019-03-13T13:44:01Z,2019-03-13T15:09:12Z,FALSE,NA
405ee1-BAW736-2019-03-13-0,1652,EGLL,LSGG,2019-03-13T17:30:44Z,2019-03-13T18:35:44Z,FALSE,NA
405ee1-BAW737-2019-03-13-0,2626,LSGG,EGLL,2019-03-13T19:51:18Z,2019-03-13T21:13:57Z,TRUE,27R
405ee1-BAW737-2019-03-13-0,2626,LSGG,EGLL,NA,NA,TRUE,27R
405ee1-BAW771C-2019-03-13-0,3220,ESSA,EGLL,2019-03-13T07:04:28Z,2019-03-13T09:30:13Z,TRUE,27L
405ee1-BAW771C-2019-03-13-0,3220,ESSA,EGLL,NA,NA,TRUE,27L
405ee1-SHT6T-2019-03-13-0,2360,EGLL,EGPF,2019-03-13T11:42:31Z,2019-03-13T12:47:24Z,FALSE,NA
405ee1-SHT6T-2019-03-13-0,2360,EGLL,EGPF,NA,NA,FALSE,NA
405ee1-SHT7H-2019-03-13-0,2029,EGPF,EGLL,2019-03-13T13:48:01Z,2019-03-13T14:36:54Z,TRUE,27L
40601f-BAW154-2019-03-13-0,3108,NA,EGLL,2019-03-13T04:34:12Z,2019-03-13T07:46:45Z,TRUE,27L
40601f-BAW154-2019-03-13-0,3108,NA,EGLL,NA,NA,TRUE,27L
40601f-BAW234-2019-03-13-0,2695,UUEE,EGLL,2019-03-13T15:47:05Z,2019-03-13T19:26:05Z,TRUE,27R
40601f-BAW234-2019-03-13-0,2695,UUEE,EGLL,NA,NA,TRUE,27R
40601f-BAW235-2019-03-13-0,1922,EGLL,UUEE,2019-03-13T10:43:07Z,2019-03-13T14:04:49Z,FALSE,NA
40601f-BAW235-2019-03-13-0,1922,EGLL,UUEE,NA,NA,FALSE,NA
40601f-BAW237-2019-03-13-0,1984,EGLL,UUDD,2019-03-13T21:47:53Z,2019-03-13T23:59:59Z,FALSE,NA
40601f-BAW237-2019-03-13-0,1984,EGLL,UUDD,NA,NA,FALSE,NA
406091-BAW568-2019-03-13-0,1638,EGLL,LIML,2019-03-13T15:14:24Z,2019-03-13T16:36:59Z,FALSE,NA
406091-BAW569-2019-03-13-0,2836,LIML,EGLL,2019-03-13T17:37:39Z,2019-03-13T19:31:55Z,TRUE,27R
406091-BAW569-2019-03-13-0,2836,LIML,EGLL,NA,NA,TRUE,27R
406091-BAW776F-2019-03-13-0,1960,EGLL,ESSA,2019-03-13T07:26:48Z,2019-03-13T09:24:49Z,FALSE,NA
406091-BAW777C-2019-03-13-0,3002,ESSA,EGLL,2019-03-13T11:14:46Z,2019-03-13T13:33:46Z,TRUE,27L
406091-BAW777C-2019-03-13-0,3002,ESSA,EGLL,NA,NA,TRUE,27L
406091-BAW82DM-2019-03-13-0,2426,EGLL,EIDW,2019-03-13T21:36:32Z,2019-03-13T22:29:12Z,FALSE,NA
406091-BAW82DM-2019-03-13-0,2426,EGLL,EIDW,NA,NA,FALSE,NA
40621b-BAW16-2019-03-13-0,2333,YSSY,EGLL,2019-03-13T01:21:01Z,2019-03-13T05:06:19Z,TRUE,27R
40621b-BAW16-2019-03-13-0,2333,YSSY,EGLL,NA,NA,TRUE,27R
40621b-BAW91C-2019-03-13-0,1856,EGLL,TX05,2019-03-13T11:45:31Z,2019-03-13T12:45:21Z,FALSE,NA
40624e-BAW631-2019-03-13-0,3663,NA,EGLL,2019-03-13T07:01:34Z,2019-03-13T10:53:25Z,TRUE,27L
40624e-BAW631-2019-03-13-0,3663,NA,EGLL,NA,NA,TRUE,27L
40624e-BAW662-2019-03-13-0,1737,EGLL,NA,2019-03-13T12:31:34Z,2019-03-13T14:36:28Z,FALSE,NA
40624e-BAW662-2019-03-13-0,1737,EGLL,NA,NA,NA,FALSE,NA
40624e-BAW663-2019-03-13-0,2524,NA,EGLL,2019-03-13T20:08:01Z,2019-03-13T23:11:57Z,TRUE,27R
40624e-BAW663-2019-03-13-0,2524,NA,EGLL,NA,NA,TRUE,27R
40624f-BAW664-2019-03-13-0,1860,EGLL,NA,2019-03-13T08:24:34Z,2019-03-13T11:09:38Z,FALSE,NA
40624f-BAW665-2019-03-13-0,2894,NA,EGLL,2019-03-13T15:49:38Z,2019-03-13T18:23:16Z,TRUE,27R
40624f-BAW665-2019-03-13-0,2894,NA,EGLL,NA,NA,TRUE,27R
40624f-SHT12T-2019-03-13-0,2272,EGLL,EGNV,2019-03-13T20:04:40Z,2019-03-13T20:42:31Z,FALSE,NA
406250-BAW3HK-2019-03-13-0,2737,EDDS,EGLL,2019-03-13T18:35:01Z,2019-03-13T20:10:05Z,TRUE,27R
406250-BAW3HK-2019-03-13-0,2737,EDDS,EGLL,NA,NA,TRUE,27R
406250-BAW814-2019-03-13-0,1863,EGLL,NA,2019-03-13T09:18:09Z,2019-03-13T10:20:17Z,FALSE,NA
406250-BAW815-2019-03-13-0,2880,NA,EGLL,2019-03-13T12:21:35Z,2019-03-13T13:48:55Z,TRUE,27L
406250-BAW920X-2019-03-13-0,1637,EGLL,EDDS,2019-03-13T16:36:36Z,2019-03-13T17:51:29Z,FALSE,NA
406250-BAW920X-2019-03-13-0,1637,EGLL,EDDS,NA,NA,FALSE,NA
406250-BAW971-2019-03-13-0,3280,EDDV,EGLL,2019-03-13T06:15:40Z,2019-03-13T07:40:52Z,TRUE,27L
406250-BAW971-2019-03-13-0,3280,EDDV,EGLL,NA,NA,TRUE,27L
4063de-BAW348-2019-03-13-0,1603,EGLL,NA,2019-03-13T17:33:41Z,2019-03-13T18:39:57Z,FALSE,NA
4063de-BAW348-2019-03-13-0,1603,EGLL,NA,NA,NA,FALSE,NA
4063de-BAW349-2019-03-13-0,2709,NA,EGLL,2019-03-13T20:13:46Z,2019-03-13T21:56:56Z,TRUE,27R
4063de-BAW894-2019-03-13-0,2310,EGLL,BIKF,2019-03-13T08:30:10Z,2019-03-13T09:57:28Z,FALSE,NA
4063de-BAW894-2019-03-13-0,2310,EGLL,BIKF,NA,NA,FALSE,NA
4063de-BAW895-2019-03-13-0,2035,BIKF,EGLL,2019-03-13T14:01:19Z,2019-03-13T15:04:56Z,TRUE,27R
4063de-BAW895-2019-03-13-0,2035,BIKF,EGLL,NA,NA,TRUE,27R
4063e6-VIR9M-2019-03-13-0,1953,EGLL,KJFK,2019-03-13T16:49:04Z,2019-03-13T17:52:40Z,FALSE,NA
4063e6-VIR9M-2019-03-13-0,1953,EGLL,KJFK,NA,NA,FALSE,NA
4063e7-VIR153-2019-03-13-0,1983,EGLL,KJFK,2019-03-13T13:01:39Z,2019-03-13T13:59:59Z,FALSE,NA
4063e7-VIR6J-2019-03-13-0,3148,NA,EGLL,2019-03-13T08:42:23Z,2019-03-13T10:03:28Z,TRUE,27L
4063e7-VIR6J-2019-03-13-0,3148,NA,EGLL,NA,NA,TRUE,27L
40641d-VIR400M-2019-03-13-0,1715,EGLL,OMDB,2019-03-13T22:22:10Z,2019-03-13T23:59:59Z,FALSE,NA
40641d-VIR401Y-2019-03-13-0,2602,OMDB,EGLL,2019-03-13T11:27:22Z,2019-03-13T15:18:29Z,TRUE,27R
40641d-VIR401Y-2019-03-13-0,2602,OMDB,EGLL,NA,NA,TRUE,27R
406531-BAW710-2019-03-13-0,1789,EGLL,LSZH,2019-03-13T07:20:26Z,2019-03-13T08:37:52Z,FALSE,NA
406531-BAW711-2019-03-13-0,3815,LSZH,EGLL,2019-03-13T09:57:36Z,2019-03-13T11:50:10Z,TRUE,27L
406531-BAW711-2019-03-13-0,3815,LSZH,EGLL,NA,NA,TRUE,27L
406531-SHT86V-2019-03-13-0,2362,EGLL,EGAD,2019-03-13T17:34:30Z,2019-03-13T18:27:16Z,FALSE,NA
406531-SHT86V-2019-03-13-0,2362,EGLL,EGAD,NA,NA,FALSE,NA
406531-SHT86Y-2019-03-13-0,2457,EGLL,EGAD,2019-03-13T13:25:08Z,2019-03-13T14:20:44Z,FALSE,NA
406531-SHT86Y-2019-03-13-0,2457,EGLL,EGAD,NA,NA,FALSE,NA
406531-SHT88C-2019-03-13-0,2115,EGAC,EGLL,2019-03-13T15:24:41Z,2019-03-13T16:12:13Z,TRUE,27R
406531-SHT88C-2019-03-13-0,2115,EGAC,EGLL,NA,NA,TRUE,27R
406531-SHT88E-2019-03-13-0,2244,EGAC,EGLL,2019-03-13T19:27:16Z,2019-03-13T20:16:50Z,TRUE,27R
406531-SHT88E-2019-03-13-0,2244,EGAC,EGLL,NA,NA,TRUE,27R
406532-BAW316-2019-03-13-0,2554,EGLL,LFPG,2019-03-13T15:45:54Z,2019-03-13T16:28:27Z,FALSE,NA
406532-BAW316-2019-03-13-0,2554,EGLL,LFPG,NA,NA,FALSE,NA
406532-BAW323C-2019-03-13-0,3052,LFPG,EGLL,2019-03-13T17:36:48Z,2019-03-13T18:27:39Z,TRUE,27R
406532-BAW323C-2019-03-13-0,3052,LFPG,EGLL,NA,NA,TRUE,27R
406532-BAW763-2019-03-13-0,3293,NA,EGLL,2019-03-13T11:20:57Z,2019-03-13T13:19:58Z,TRUE,27L
406532-BAW763-2019-03-13-0,3293,NA,EGLL,NA,NA,TRUE,27L
406532-BAW8VK-2019-03-13-0,2019,EGLL,ENGM,2019-03-13T07:52:04Z,2019-03-13T09:37:57Z,FALSE,NA
406532-BAW8VK-2019-03-13-0,2019,EGLL,ENGM,NA,NA,FALSE,NA
406532-BAW916N-2019-03-13-0,1851,EGLL,EDDF,2019-03-13T19:42:19Z,2019-03-13T20:54:00Z,FALSE,NA
406532-BAW916N-2019-03-13-0,1851,EGLL,EDDF,NA,NA,FALSE,NA
40655d-VIR117F-2019-03-13-0,1962,EGLL,KOPF,2019-03-13T10:38:34Z,2019-03-13T11:41:27Z,FALSE,NA
40655d-VIR117F-2019-03-13-0,1962,EGLL,KOPF,NA,NA,FALSE,NA
40655d-VIR22Q-2019-03-13-0,2866,KIAD,EGLL,2019-03-13T05:48:08Z,2019-03-13T07:00:57Z,TRUE,27L
40655d-VIR22Q-2019-03-13-0,2866,KIAD,EGLL,NA,NA,TRUE,27L
406590-BAW138-2019-03-13-0,3206,VAJJ,EGLL,2019-03-13T03:54:32Z,2019-03-13T07:10:29Z,TRUE,27L
406590-BAW138-2019-03-13-0,3206,VAJJ,EGLL,NA,NA,TRUE,27L
406590-BAW7-2019-03-13-0,1962,EGLL,NA,2019-03-13T11:28:39Z,2019-03-13T14:21:27Z,FALSE,NA
406590-BAW7-2019-03-13-0,1962,EGLL,NA,NA,NA,FALSE,NA
406591-BAW190-2019-03-13-0,2880,KAUS,EGLL,2019-03-13T08:53:29Z,2019-03-13T10:10:15Z,TRUE,27L
406591-BAW190-2019-03-13-0,2880,KAUS,EGLL,NA,NA,TRUE,27L
406591-BAW460M-2019-03-13-0,1588,EGLL,LEMD,2019-03-13T13:28:37Z,2019-03-13T14:19:34Z,FALSE,NA
406591-BAW461-2019-03-13-0,2463,LEMD,EGLL,2019-03-13T17:52:05Z,2019-03-13T19:00:07Z,TRUE,27R
406591-BAW461-2019-03-13-0,2463,LEMD,EGLL,NA,NA,TRUE,27R
406674-BAW379-2019-03-13-0,3023,LFBO,EGLL,2019-03-13T16:25:01Z,2019-03-13T18:07:16Z,TRUE,27R
406674-BAW379-2019-03-13-0,3023,LFBO,EGLL,NA,NA,TRUE,27R
406674-BAW3TV-2019-03-13-0,1577,EGLL,LFBO,2019-03-13T14:06:41Z,2019-03-13T15:14:09Z,FALSE,NA
406674-BAW572-2019-03-13-0,1723,EGLL,LIMC,2019-03-13T07:54:04Z,2019-03-13T09:22:59Z,FALSE,NA
406674-BAW572-2019-03-13-0,1723,EGLL,LIMC,NA,NA,FALSE,NA
406674-BAW598D-2019-03-13-0,1622,EGLL,LIPU,2019-03-13T19:21:27Z,2019-03-13T20:47:58Z,FALSE,NA
406674-BAW75M-2019-03-13-0,3287,LIMC,EGLL,2019-03-13T11:12:09Z,2019-03-13T12:58:08Z,TRUE,27L
40675e-VIR3N-2019-03-13-0,1972,EGLL,KJFK,2019-03-13T09:13:37Z,2019-03-13T10:16:57Z,FALSE,NA
40675e-VIR4C-2019-03-13-0,3257,KJFK,EGLL,2019-03-13T05:11:20Z,2019-03-13T06:35:25Z,TRUE,27R
40675e-VIR4C-2019-03-13-0,3257,KJFK,EGLL,NA,NA,TRUE,27R
4067d6-VIR21K-2019-03-13-0,1927,EGLL,KIAD,2019-03-13T11:58:18Z,2019-03-13T12:59:59Z,FALSE,NA
4067d6-VIR21K-2019-03-13-0,1927,EGLL,KIAD,NA,NA,FALSE,NA
406814-VIR118-2019-03-13-0,3074,NA,EGLL,2019-03-13T06:03:59Z,2019-03-13T07:22:29Z,TRUE,27L
406814-VIR118-2019-03-13-0,3074,NA,EGLL,NA,NA,TRUE,27L
406814-VIR5C-2019-03-13-0,1980,EGLL,KOPF,2019-03-13T13:34:14Z,2019-03-13T14:37:03Z,FALSE,NA
406814-VIR5C-2019-03-13-0,1980,EGLL,KOPF,NA,NA,FALSE,NA
406832-VIR11B-2019-03-13-0,1928,EGLL,NA,2019-03-13T16:56:20Z,2019-03-13T17:59:27Z,FALSE,NA
406832-VIR11B-2019-03-13-0,1928,EGLL,NA,NA,NA,FALSE,NA
406832-VIR154-2019-03-13-0,3316,KJFK,EGLL,2019-03-13T10:00:38Z,2019-03-13T11:40:56Z,TRUE,27L
40683e-VIR137Y-2019-03-13-0,1956,EGLL,KJFK,2019-03-13T12:55:08Z,2019-03-13T13:58:03Z,FALSE,NA
40683e-VIR137Y-2019-03-13-0,1956,EGLL,KJFK,NA,NA,FALSE,NA
40683e-VIR2R-2019-03-13-0,2880,KEWR,EGLL,2019-03-13T07:38:31Z,2019-03-13T08:58:27Z,TRUE,27R
40688c-BAW11-2019-03-13-0,1700,EGLL,NA,2019-03-13T21:31:30Z,2019-03-13T23:59:59Z,FALSE,NA
40688c-BAW54-2019-03-13-0,3090,FAGC,EGLL,2019-03-13T04:42:47Z,2019-03-13T06:57:51Z,TRUE,27L
40688f-BAW249-2019-03-13-0,1809,EGLL,NA,2019-03-13T11:53:54Z,2019-03-13T12:41:34Z,FALSE,NA
40688f-BAW249-2019-03-13-0,1809,EGLL,NA,NA,NA,FALSE,NA
40688f-BAW94-2019-03-13-0,3190,CYUL,EGLL,2019-03-13T06:52:47Z,2019-03-13T08:22:07Z,TRUE,27R
40688f-BAW94-2019-03-13-0,3190,CYUL,EGLL,NA,NA,TRUE,27R
406891-BAW22C-2019-03-13-0,3385,KBWI,EGLL,2019-03-13T06:48:12Z,2019-03-13T08:16:20Z,TRUE,27R
406891-BAW22C-2019-03-13-0,3385,KBWI,EGLL,NA,NA,TRUE,27R
406891-BAW35-2019-03-13-0,1830,EGLL,VOMM,2019-03-13T14:52:22Z,2019-03-13T18:05:33Z,FALSE,NA
406891-BAW35-2019-03-13-0,1830,EGLL,VOMM,NA,NA,FALSE,NA
406948-BAW139-2019-03-13-0,1697,EGLL,VABB,2019-03-13T10:29:15Z,2019-03-13T13:47:33Z,FALSE,NA
406948-BAW246-2019-03-13-0,3361,SBGR,EGLL,2019-03-13T05:34:09Z,2019-03-13T06:36:39Z,TRUE,27L
406948-BAW246-2019-03-13-0,3361,SBGR,EGLL,NA,NA,TRUE,27L
40697b-BAW454-2019-03-13-0,2779,EGLL,LEMG,2019-03-13T15:29:31Z,2019-03-13T16:15:50Z,FALSE,NA
40697b-BAW454-2019-03-13-0,2779,EGLL,LEMG,NA,NA,FALSE,NA
40697b-BAW455-2019-03-13-0,2861,LEMG,EGLL,2019-03-13T20:06:20Z,2019-03-13T21:37:37Z,TRUE,27R
40697b-BAW455-2019-03-13-0,2861,LEMG,EGLL,NA,NA,TRUE,27R
40697b-SHT12H-2019-03-13-0,2439,EGLL,NA,2019-03-13T10:32:30Z,2019-03-13T11:13:08Z,FALSE,NA
40697b-SHT12H-2019-03-13-0,2439,EGLL,NA,NA,NA,FALSE,NA
40697b-SHT13H-2019-03-13-0,2836,NA,EGLL,2019-03-13T12:25:29Z,2019-03-13T13:14:12Z,TRUE,27L
40697b-SHT13H-2019-03-13-0,2836,NA,EGLL,NA,NA,TRUE,27L
40697b-SHT9U-2019-03-13-0,3156,EGPH,EGLL,2019-03-13T07:29:37Z,2019-03-13T08:38:46Z,TRUE,27R
40697b-SHT9U-2019-03-13-0,3156,EGPH,EGLL,NA,NA,TRUE,27R
40697c-BAW42DB-2019-03-13-0,2242,EIDW,EGLL,2019-03-13T18:17:36Z,2019-03-13T19:04:49Z,TRUE,27R
40697c-BAW42DB-2019-03-13-0,2242,EIDW,EGLL,NA,NA,TRUE,27R
40697c-BAW803-2019-03-13-0,3713,ESGG,EGLL,2019-03-13T08:14:29Z,2019-03-13T10:13:42Z,TRUE,27L
40697c-BAW803-2019-03-13-0,3713,ESGG,EGLL,NA,NA,TRUE,27L
40697c-BAW826Q-2019-03-13-0,2296,EGLL,EIDW,2019-03-13T16:20:02Z,2019-03-13T17:11:43Z,FALSE,NA
40697c-BAW834-2019-03-13-0,2533,EGLL,EIDW,2019-03-13T11:35:17Z,2019-03-13T12:46:57Z,FALSE,NA
40697c-BAW834-2019-03-13-0,2533,EGLL,EIDW,NA,NA,FALSE,NA
40697c-BAW835W-2019-03-13-0,2484,EIWT,EGLL,2019-03-13T14:04:36Z,2019-03-13T14:55:40Z,TRUE,27L
40697c-SHT18H-2019-03-13-0,2494,EGLL,NA,2019-03-13T20:45:20Z,2019-03-13T21:55:59Z,FALSE,NA
40697c-SHT18H-2019-03-13-0,2494,EGLL,NA,NA,NA,FALSE,NA
406a02-BAW470-2019-03-13-0,1598,EGLL,LELL,2019-03-13T15:56:55Z,2019-03-13T17:14:52Z,FALSE,NA
406a02-BAW470-2019-03-13-0,1598,EGLL,LELL,NA,NA,FALSE,NA
406a02-BAW471-2019-03-13-0,2751,LEBL,EGLL,2019-03-13T18:33:51Z,2019-03-13T20:34:47Z,TRUE,27R
406a02-BAW471-2019-03-13-0,2751,LEBL,EGLL,NA,NA,TRUE,27R
406a02-BAW68H-2019-03-13-0,1739,EGLL,LHBP,2019-03-13T08:44:08Z,2019-03-13T10:36:57Z,FALSE,NA
406a02-BAW68H-2019-03-13-0,1739,EGLL,LHBP,NA,NA,FALSE,NA
406a02-BAW869-2019-03-13-0,2854,LHBP,EGLL,2019-03-13T11:59:41Z,2019-03-13T14:21:25Z,TRUE,27L
406a04-BAW55K-2019-03-13-0,1625,EGLL,FABB,2019-03-13T18:53:59Z,2019-03-13T20:47:07Z,FALSE,NA
406a04-BAW55K-2019-03-13-0,1625,EGLL,FABB,NA,NA,FALSE,NA
406a04-BAW56-2019-03-13-0,2316,FAGC,EGLL,2019-03-13T02:54:40Z,2019-03-13T04:54:51Z,TRUE,27R
406a05-BAW268-2019-03-13-0,2307,KLAX,EGLL,2019-03-13T13:37:55Z,2019-03-13T14:50:58Z,TRUE,27L
406a05-BAW57K-2019-03-13-0,1673,EGLL,FABB,2019-03-13T22:12:29Z,2019-03-13T23:59:59Z,FALSE,NA
406a34-BAW168-2019-03-13-0,2392,NA,EGLL,2019-03-13T12:39:02Z,2019-03-13T15:46:47Z,TRUE,27R
406a34-BAW31-2019-03-13-0,1877,EGLL,NA,2019-03-13T18:52:41Z,2019-03-13T22:16:24Z,FALSE,NA
406a34-BAW31-2019-03-13-0,1877,EGLL,NA,NA,NA,FALSE,NA
406a35-BAW179-2019-03-13-0,1865,EGLL,KJFK,2019-03-13T18:19:57Z,2019-03-13T19:20:35Z,FALSE,NA
406a3d-BAW464-2019-03-13-0,1697,EGLL,LEMD,2019-03-13T17:06:30Z,2019-03-13T17:59:59Z,FALSE,NA
406a3d-BAW465-2019-03-13-0,2601,LEMD,EGLL,2019-03-13T20:56:19Z,2019-03-13T22:10:29Z,TRUE,27R
406a3d-BAW465-2019-03-13-0,2601,LEMD,EGLL,NA,NA,TRUE,27R
406a3d-BAW882-2019-03-13-0,1919,EGLL,UKBB,2019-03-13T08:21:02Z,2019-03-13T10:31:49Z,FALSE,NA
406a3d-BAW883-2019-03-13-0,2948,UKBB,EGLL,2019-03-13T12:53:40Z,2019-03-13T15:27:25Z,TRUE,27R
406a3d-BAW883-2019-03-13-0,2948,UKBB,EGLL,NA,NA,TRUE,27R
406a3e-BAW341-2019-03-13-0,3674,NA,EGLL,2019-03-13T07:29:48Z,2019-03-13T09:24:24Z,TRUE,27L
406a3e-BAW341-2019-03-13-0,3674,NA,EGLL,NA,NA,TRUE,27L
406a3e-BAW822-2019-03-13-0,1996,EGLL,EKCH,2019-03-13T19:26:29Z,2019-03-13T20:55:34Z,FALSE,NA
406a3e-BAW886Q-2019-03-13-0,1761,EGLL,LROP,2019-03-13T10:44:07Z,2019-03-13T13:17:05Z,FALSE,NA
406a3e-BAW886Q-2019-03-13-0,1761,EGLL,LROP,NA,NA,FALSE,NA
406a3e-BAW887-2019-03-13-0,2816,LROP,EGLL,2019-03-13T14:43:44Z,2019-03-13T17:53:45Z,TRUE,27R
406a9c-BAW223-2019-03-13-0,1774,EGLL,NA,2019-03-13T13:53:12Z,2019-03-13T14:35:45Z,FALSE,NA
406a9c-BAW224-2019-03-13-0,3359,NA,EGLL,2019-03-13T09:22:59Z,2019-03-13T11:01:11Z,TRUE,27L
406a9c-BAW224-2019-03-13-0,3359,NA,EGLL,NA,NA,TRUE,27L
406a9d-BAW36-2019-03-13-0,3097,VOMM,EGLL,2019-03-13T09:28:07Z,2019-03-13T13:22:46Z,TRUE,27L
406a9d-BAW36-2019-03-13-0,3097,VOMM,EGLL,NA,NA,TRUE,27L
406a9d-BAW51-2019-03-13-0,1658,EGLL,FAGM,2019-03-13T16:54:47Z,2019-03-13T18:50:22Z,FALSE,NA
406a9d-BAW51-2019-03-13-0,1658,EGLL,FAGM,NA,NA,FALSE,NA
406a9e-BAW163-2019-03-13-0,1767,EGLL,NA,2019-03-13T21:27:59Z,2019-03-13T23:24:51Z,FALSE,NA
406a9e-BAW50-2019-03-13-0,2583,FAOR,EGLL,2019-03-13T14:27:50Z,2019-03-13T16:32:59Z,TRUE,27R
406a9e-BAW50-2019-03-13-0,2583,FAOR,EGLL,NA,NA,TRUE,27R
406a9f-BAW22B-2019-03-13-0,1948,EGLL,KFME,2019-03-13T15:52:36Z,2019-03-13T17:07:01Z,FALSE,NA
406a9f-BAW22B-2019-03-13-0,1948,EGLL,KFME,NA,NA,FALSE,NA
406a9f-BAW276-2019-03-13-0,3369,NA,EGLL,2019-03-13T08:48:51Z,2019-03-13T12:46:27Z,TRUE,27L
406a9f-BAW276-2019-03-13-0,3369,NA,EGLL,NA,NA,TRUE,27L
406ae2-BAW492U-2019-03-13-0,1739,EGLL,NA,2019-03-13T08:34:57Z,2019-03-13T09:30:46Z,FALSE,NA
406ae2-BAW492U-2019-03-13-0,1739,EGLL,NA,NA,NA,FALSE,NA
406ae2-BAW493-2019-03-13-0,2749,NA,EGLL,2019-03-13T13:40:20Z,2019-03-13T15:06:29Z,TRUE,27R
406ae2-BAW493-2019-03-13-0,2749,NA,EGLL,NA,NA,TRUE,27R
406ae2-BAW860J-2019-03-13-0,1645,EGLL,LKPR,2019-03-13T17:40:04Z,2019-03-13T19:03:58Z,FALSE,NA
406ae2-BAW860J-2019-03-13-0,1645,EGLL,LKPR,NA,NA,FALSE,NA
406ae2-BAW861-2019-03-13-0,2805,LKPR,EGLL,2019-03-13T20:15:58Z,2019-03-13T21:58:49Z,TRUE,27R
406ae3-BAW389-2019-03-13-0,3695,EBBR,EGLL,2019-03-13T07:12:06Z,2019-03-13T08:13:40Z,TRUE,27L
406ae3-BAW8RM-2019-03-13-0,3064,EDDT,EGLL,2019-03-13T12:08:03Z,2019-03-13T13:48:29Z,TRUE,27L
406ae3-BAW8RM-2019-03-13-0,3064,EDDT,EGLL,NA,NA,TRUE,27L
406ae3-BAW992G-2019-03-13-0,1944,EGLL,EDDT,2019-03-13T09:22:25Z,2019-03-13T10:45:22Z,FALSE,NA
406ae3-SHT6F-2019-03-13-0,2376,EGLL,EGPF,2019-03-13T17:14:04Z,2019-03-13T18:19:46Z,FALSE,NA
406ae3-SHT7X-2019-03-13-0,2111,EGPF,EGLL,2019-03-13T19:15:57Z,2019-03-13T20:06:46Z,TRUE,27R
406ae3-SHT7X-2019-03-13-0,2111,EGPF,EGLL,NA,NA,TRUE,27R
406b05-BAW15-2019-03-13-0,1620,EGLL,WSAP,2019-03-13T22:01:28Z,2019-03-13T23:59:59Z,FALSE,NA
406b05-BAW8-2019-03-13-0,3062,NA,EGLL,2019-03-13T09:49:38Z,2019-03-13T13:06:56Z,TRUE,27L
406b05-BAW8-2019-03-13-0,3062,NA,EGLL,NA,NA,TRUE,27L
406b0a-BAW247-2019-03-13-0,1677,EGLL,SBGR,2019-03-13T21:30:20Z,2019-03-13T22:13:58Z,FALSE,NA
406b0a-BAW32-2019-03-13-0,2627,NA,EGLL,2019-03-13T01:03:29Z,2019-03-13T04:37:08Z,TRUE,27R
406b0a-BAW32-2019-03-13-0,2627,NA,EGLL,NA,NA,TRUE,27R
406b20-BAW209-2019-03-13-0,1732,EGLL,KMIA,2019-03-13T14:37:18Z,2019-03-13T15:17:50Z,FALSE,NA
406b20-BAW209-2019-03-13-0,1732,EGLL,KMIA,NA,NA,FALSE,NA
406b20-BAW34N-2019-03-13-0,3633,NA,EGLL,2019-03-13T09:19:20Z,2019-03-13T10:59:28Z,TRUE,27L
406b20-BAW34N-2019-03-13-0,3633,NA,EGLL,NA,NA,TRUE,27L
406b21-BAW12-2019-03-13-0,2281,NA,EGLL,2019-03-13T01:44:35Z,2019-03-13T05:27:21Z,TRUE,27R
406b21-BAW12-2019-03-13-0,2281,NA,EGLL,NA,NA,TRUE,27R
406b21-BAW269-2019-03-13-0,2231,EGLL,KLAX,2019-03-13T15:53:40Z,2019-03-13T17:19:50Z,FALSE,NA
406b21-BAW269-2019-03-13-0,2231,EGLL,KLAX,NA,NA,FALSE,NA
406b22-BAW27-2019-03-13-0,1791,EGLL,VHHH,2019-03-13T21:32:42Z,2019-03-13T23:59:59Z,FALSE,NA
406b22-BAW27-2019-03-13-0,1791,EGLL,VHHH,NA,NA,FALSE,NA
406b22-BAW28-2019-03-13-0,2414,NA,EGLL,2019-03-13T01:34:30Z,2019-03-13T04:44:28Z,TRUE,27R
406b48-VIR106F-2019-03-13-0,3272,KSEA,EGLL,2019-03-13T09:21:28Z,2019-03-13T10:41:11Z,TRUE,27L
406b48-VIR106F-2019-03-13-0,3272,KSEA,EGLL,NA,NA,TRUE,27L
406b48-VIR23J-2019-03-13-0,2278,EGLL,KLAX,2019-03-13T14:53:28Z,2019-03-13T16:17:51Z,FALSE,NA
406b48-VIR23J-2019-03-13-0,2278,EGLL,KLAX,NA,NA,FALSE,NA
406bbb-BAW564Y-2019-03-13-0,1746,EGLL,LIML,2019-03-13T07:46:19Z,2019-03-13T09:17:48Z,FALSE,NA
406bbb-BAW564Y-2019-03-13-0,1746,EGLL,LIML,NA,NA,FALSE,NA
406bbb-BAW62NL-2019-03-13-0,3445,LIML,EGLL,2019-03-13T10:30:05Z,2019-03-13T12:26:08Z,TRUE,27L
406bbb-BAW6VK-2019-03-13-0,2076,EGLL,ENSI,2019-03-13T19:49:12Z,2019-03-13T21:26:09Z,FALSE,NA
406bbb-BAW6VK-2019-03-13-0,2076,EGLL,ENSI,NA,NA,FALSE,NA
406bbb-BAW994G-2019-03-13-0,1809,EGLL,EDDT,2019-03-13T14:11:22Z,2019-03-13T15:34:10Z,FALSE,NA
406bbb-BAW9GM-2019-03-13-0,2872,EDDT,EGLL,2019-03-13T16:46:30Z,2019-03-13T18:21:59Z,TRUE,27R
406bbb-BAW9GM-2019-03-13-0,2872,EDDT,EGLL,NA,NA,TRUE,27R
406c39-VIR24M-2019-03-13-0,2418,KLAX,EGLL,2019-03-13T13:08:10Z,2019-03-13T14:19:28Z,TRUE,27L
406c39-VIR24M-2019-03-13-0,2418,KLAX,EGLL,NA,NA,TRUE,27L
406c39-VIR449-2019-03-13-0,1569,EGLL,FABB,2019-03-13T19:13:06Z,2019-03-13T20:59:59Z,FALSE,NA
406c3a-VIR20V-2019-03-13-0,2989,KSFO,EGLL,2019-03-13T11:13:27Z,2019-03-13T12:34:19Z,TRUE,27L
406c3a-VIR20V-2019-03-13-0,2989,KSFO,EGLL,NA,NA,TRUE,27L
406c3a-VIR41R-2019-03-13-0,2160,EGLL,KSFO,2019-03-13T16:10:57Z,2019-03-13T17:35:46Z,FALSE,NA
406d4d-VIR450-2019-03-13-0,3556,FAOR,EGLL,2019-03-13T03:43:30Z,2019-03-13T06:03:49Z,TRUE,27L
406d4d-VIR450-2019-03-13-0,3556,FAOR,EGLL,NA,NA,TRUE,27L
406d4d-VIR835P-2019-03-13-0,2175,EGLL,EINN,2019-03-13T13:09:07Z,2019-03-13T14:13:00Z,FALSE,NA
406d77-BAW281-2019-03-13-0,2217,EGLL,KHHR,2019-03-13T12:56:33Z,2019-03-13T14:17:32Z,FALSE,NA
406d77-BAW281-2019-03-13-0,2217,EGLL,KHHR,NA,NA,FALSE,NA
406d78-BAW189-2019-03-13-0,2032,EGLL,KEWR,2019-03-13T18:49:41Z,2019-03-13T20:05:25Z,FALSE,NA
406d78-BAW189-2019-03-13-0,2032,EGLL,KEWR,NA,NA,FALSE,NA
406d79-BAW122-2019-03-13-0,3551,OTHH,EGLL,2019-03-13T07:31:49Z,2019-03-13T11:33:46Z,TRUE,27L
406d79-BAW122-2019-03-13-0,3551,OTHH,EGLL,NA,NA,TRUE,27L
406d7b-BAW34-2019-03-13-0,2293,WMKK,EGLL,2019-03-13T01:51:47Z,2019-03-13T05:35:28Z,TRUE,27R
406d7b-BAW34-2019-03-13-0,2293,WMKK,EGLL,NA,NA,TRUE,27R
406d7b-BAW5-2019-03-13-0,1933,EGLL,NA,2019-03-13T14:16:43Z,2019-03-13T17:10:14Z,FALSE,NA
406e0f-VIR300K-2019-03-13-0,1560,EGLL,VIDP,2019-03-13T22:10:44Z,2019-03-13T23:59:59Z,FALSE,NA
406e0f-VIR42X-2019-03-13-0,2384,KSFO,EGLL,2019-03-13T13:16:21Z,2019-03-13T14:18:28Z,TRUE,27L
406e10-VIR19Z-2019-03-13-0,2134,EGLL,KSFO,2019-03-13T11:55:05Z,2019-03-13T13:14:19Z,FALSE,NA
406e10-VIR19Z-2019-03-13-0,2134,EGLL,KSFO,NA,NA,FALSE,NA
406e10-VIR8E-2019-03-13-0,3379,KLAX,EGLL,2019-03-13T07:25:48Z,2019-03-13T08:48:14Z,TRUE,27R
406e10-VIR8E-2019-03-13-0,3379,KLAX,EGLL,NA,NA,TRUE,27R
406e11-VIR207-2019-03-13-0,2336,NA,EGLL,2019-03-13T01:07:39Z,2019-03-13T04:49:46Z,TRUE,27R
406ecc-VIR251-2019-03-13-0,2499,EGLL,EGLL,2019-03-13T13:02:27Z,2019-03-13T16:31:10Z,TRUE,27R
406ecc-VIR251-2019-03-13-0,2499,EGLL,EGLL,NA,NA,TRUE,27R
406ecd-VIR461-2019-03-13-0,1551,EGLL,FAGM,2019-03-13T17:04:50Z,2019-03-13T18:55:46Z,FALSE,NA
406ecd-VIR462M-2019-03-13-0,3474,FAGC,EGLL,2019-03-13T04:25:33Z,2019-03-13T06:43:14Z,TRUE,27L
406ecd-VIR462M-2019-03-13-0,3474,FAGC,EGLL,NA,NA,TRUE,27L
406f72-BAW73-2019-03-13-0,1725,EGLL,OMAA,2019-03-13T13:50:48Z,2019-03-13T16:59:59Z,FALSE,NA
406f72-BAW73-2019-03-13-0,1725,EGLL,OMAA,NA,NA,FALSE,NA
406f72-BAW9E-2019-03-13-0,3114,KEWR,EGLL,2019-03-13T04:51:11Z,2019-03-13T06:09:59Z,TRUE,27L
406f72-BAW9E-2019-03-13-0,3114,KEWR,EGLL,NA,NA,TRUE,27L
406f74-BAW280-2019-03-13-0,3106,KLAX,EGLL,2019-03-13T10:35:51Z,2019-03-13T11:58:37Z,TRUE,27R
406f74-BAW39-2019-03-13-0,1832,EGLL,NA,2019-03-13T16:47:45Z,2019-03-13T20:03:58Z,FALSE,NA
406f74-BAW39-2019-03-13-0,1832,EGLL,NA,NA,NA,FALSE,NA
406f76-BAW63-2019-03-13-0,1712,EGLL,NA,2019-03-13T18:22:54Z,2019-03-13T21:20:08Z,FALSE,NA
406f76-BAW89P-2019-03-13-0,2961,KSJC,EGLL,2019-03-13T11:25:44Z,2019-03-13T12:47:58Z,TRUE,27L
406f76-BAW89P-2019-03-13-0,2961,KSJC,EGLL,NA,NA,TRUE,27L
406f77-BAW188-2019-03-13-0,2814,KEWR,EGLL,2019-03-13T07:48:14Z,2019-03-13T09:07:28Z,TRUE,27L
406f77-BAW188-2019-03-13-0,2814,KEWR,EGLL,NA,NA,TRUE,27L
406f78-BAW279-2019-03-13-0,2159,EGLL,KSJC,2019-03-13T13:10:40Z,2019-03-13T14:31:18Z,FALSE,NA
406f78-BAW3C-2019-03-13-0,2997,KIAD,EGLL,2019-03-13T08:57:46Z,2019-03-13T10:19:23Z,TRUE,27L
406f78-BAW3C-2019-03-13-0,2997,KIAD,EGLL,NA,NA,TRUE,27L
406f79-BAW79-2019-03-13-0,1754,EGLL,NA,2019-03-13T20:05:44Z,2019-03-13T23:20:19Z,FALSE,NA
406f7a-BAW243-2019-03-13-0,1830,EGLL,MMMX,2019-03-13T13:30:55Z,2019-03-13T14:11:32Z,FALSE,NA
406f7a-BAW243-2019-03-13-0,1830,EGLL,MMMX,NA,NA,FALSE,NA
406f7a-BAW72-2019-03-13-0,3361,NA,EGLL,2019-03-13T02:07:20Z,2019-03-13T06:06:56Z,TRUE,27L
406f7a-BAW72-2019-03-13-0,3361,NA,EGLL,NA,NA,TRUE,27L
406f7c-BAW123-2019-03-13-0,1693,EGLL,OTHH,2019-03-13T20:11:58Z,2019-03-13T23:22:57Z,FALSE,NA
406f7c-BAW38-2019-03-13-0,2583,NA,EGLL,2019-03-13T12:02:35Z,2019-03-13T15:10:58Z,TRUE,27R
406f7c-BAW38-2019-03-13-0,2583,NA,EGLL,NA,NA,TRUE,27R
407131-VIR206-2019-03-13-0,1827,EGLL,VHHH,2019-03-13T21:56:28Z,2019-03-13T23:59:59Z,FALSE,NA
407131-VIR206-2019-03-13-0,1827,EGLL,VHHH,NA,NA,FALSE,NA
407131-VIR301C-2019-03-13-0,2095,VIDP,EGLL,2019-03-13T17:51:17Z,2019-03-13T19:53:17Z,TRUE,27R
40731c-BAW17-2019-03-13-0,1911,EGLL,NA,2019-03-13T13:07:52Z,2019-03-13T16:23:58Z,FALSE,NA
40731c-BAW222-2019-03-13-0,3145,NA,EGLL,2019-03-13T07:16:18Z,2019-03-13T08:43:27Z,TRUE,27L
407371-VIR7B-2019-03-13-0,2205,EGLL,KHHR,2019-03-13T09:53:46Z,2019-03-13T11:08:41Z,FALSE,NA
407371-VIR7B-2019-03-13-0,2205,EGLL,KHHR,NA,NA,FALSE,NA
4073ce-VIR105-2019-03-13-0,2083,EGLL,KSEA,2019-03-13T11:17:21Z,2019-03-13T12:35:49Z,FALSE,NA
4073ce-VIR46-2019-03-13-0,3053,KJFK,EGLL,2019-03-13T06:01:44Z,2019-03-13T07:19:07Z,TRUE,27L
4073ce-VIR46-2019-03-13-0,3053,KJFK,EGLL,NA,NA,TRUE,27L
407462-BAW16LX-2019-03-13-0,1840,EGLL,ELLX,2019-03-13T08:19:26Z,2019-03-13T09:13:49Z,FALSE,NA
407462-BAW365-2019-03-13-0,3358,LFLL,EGLL,2019-03-13T05:33:19Z,2019-03-13T07:16:18Z,TRUE,27L
407462-BAW365-2019-03-13-0,3358,LFLL,EGLL,NA,NA,TRUE,27L
407462-BAW490U-2019-03-13-0,1666,EGLL,NA,2019-03-13T13:22:07Z,2019-03-13T14:23:16Z,FALSE,NA
407462-BAW491U-2019-03-13-0,2960,NA,EGLL,2019-03-13T17:55:15Z,2019-03-13T19:27:31Z,TRUE,27R
407462-BAW491U-2019-03-13-0,2960,NA,EGLL,NA,NA,TRUE,27R
407462-BAW7LX-2019-03-13-0,3496,ELLX,EGLL,2019-03-13T10:30:01Z,2019-03-13T11:52:18Z,TRUE,27L
407462-BAW7LX-2019-03-13-0,3496,ELLX,EGLL,NA,NA,TRUE,27L
407464-BAW34V-2019-03-13-0,2455,LKPR,EGLL,2019-03-13T18:10:09Z,2019-03-13T19:47:45Z,TRUE,27R
407464-BAW696V-2019-03-13-0,1698,EGLL,LOWW,2019-03-13T07:16:42Z,2019-03-13T09:06:44Z,FALSE,NA
407464-BAW697V-2019-03-13-0,3603,LOWW,EGLL,2019-03-13T10:36:04Z,2019-03-13T12:52:59Z,TRUE,27L
407464-BAW697V-2019-03-13-0,3603,LOWW,EGLL,NA,NA,TRUE,27L
407464-BAW856-2019-03-13-0,1801,EGLL,LKPR,2019-03-13T15:34:27Z,2019-03-13T17:02:56Z,FALSE,NA
407464-BAW856-2019-03-13-0,1801,EGLL,LKPR,NA,NA,FALSE,NA
40749a-BAW250-2019-03-13-0,3220,NA,EGLL,2019-03-13T08:13:20Z,2019-03-13T09:20:18Z,TRUE,27L
40749a-BAW250-2019-03-13-0,3220,NA,EGLL,NA,NA,TRUE,27L
40749a-BAW293-2019-03-13-0,1933,EGLL,KIAD,2019-03-13T17:25:05Z,2019-03-13T18:31:45Z,FALSE,NA
40749b-BAW33-2019-03-13-0,1659,EGLL,WMKK,2019-03-13T19:27:42Z,2019-03-13T22:42:52Z,FALSE,NA
40749b-BAW6-2019-03-13-0,2549,NA,EGLL,2019-03-13T12:49:36Z,2019-03-13T15:49:59Z,TRUE,27R
4074e2-BAW225-2019-03-13-0,1960,EGLL,NA,2019-03-13T14:26:19Z,2019-03-13T15:40:19Z,FALSE,NA
4074e2-BAW98-2019-03-13-0,2896,CYYZ,EGLL,2019-03-13T08:43:10Z,2019-03-13T10:06:50Z,TRUE,27L
4074e2-BAW98-2019-03-13-0,2896,CYYZ,EGLL,NA,NA,TRUE,27L
4074e3-BAW248-2019-03-13-0,3011,NA,EGLL,2019-03-13T11:07:44Z,2019-03-13T12:20:52Z,TRUE,27L
4074e3-BAW248-2019-03-13-0,3011,NA,EGLL,NA,NA,TRUE,27L
4074e3-BAW277-2019-03-13-0,1823,EGLL,NA,2019-03-13T15:26:33Z,2019-03-13T18:44:48Z,FALSE,NA
4074e4-BAW18-2019-03-13-0,2988,NA,EGLL,2019-03-13T10:52:32Z,2019-03-13T13:59:19Z,TRUE,27L
4074e4-BAW6NC-2019-03-13-0,2073,EGLL,CYHU,2019-03-13T17:10:35Z,2019-03-13T18:49:56Z,FALSE,NA
407534-BAW364-2019-03-13-0,1698,EGLL,LFLL,2019-03-13T20:32:32Z,2019-03-13T21:32:03Z,FALSE,NA
407534-BAW41Y-2019-03-13-0,1836,EGLL,LFLL,2019-03-13T08:12:20Z,2019-03-13T09:17:21Z,FALSE,NA
407534-BAW42Y-2019-03-13-0,3305,LFLL,EGLL,2019-03-13T10:39:01Z,2019-03-13T12:15:12Z,TRUE,27L
407534-BAW42Y-2019-03-13-0,3305,LFLL,EGLL,NA,NA,TRUE,27L
407534-BAW480-2019-03-13-0,1620,EGLL,LELL,2019-03-13T13:45:06Z,2019-03-13T15:03:27Z,FALSE,NA
407534-BAW480-2019-03-13-0,1620,EGLL,LELL,NA,NA,FALSE,NA
407534-BAW481B-2019-03-13-0,2929,LEBL,EGLL,2019-03-13T16:48:03Z,2019-03-13T18:50:40Z,TRUE,27R
407536-BAW477-2019-03-13-0,3832,LEBL,EGLL,2019-03-13T07:44:56Z,2019-03-13T09:57:58Z,TRUE,27L
407536-BAW477-2019-03-13-0,3832,LEBL,EGLL,NA,NA,TRUE,27L
407536-BAW798H-2019-03-13-0,2045,EGLL,EFHK,2019-03-13T18:32:00Z,2019-03-13T21:21:25Z,FALSE,NA
407536-BAW798H-2019-03-13-0,2045,EGLL,EFHK,NA,NA,FALSE,NA
407536-BAW852-2019-03-13-0,1791,EGLL,LKPR,2019-03-13T11:11:44Z,2019-03-13T12:35:29Z,FALSE,NA
407536-BAW859P-2019-03-13-0,2731,LKPR,EGLL,2019-03-13T13:33:30Z,2019-03-13T15:15:49Z,TRUE,27R
407536-BAW859P-2019-03-13-0,2731,LKPR,EGLL,NA,NA,TRUE,27R
407537-BAW16H-2019-03-13-0,3455,LHBP,EGLL,2019-03-13T06:44:46Z,2019-03-13T09:17:42Z,TRUE,27L
407537-BAW16H-2019-03-13-0,3455,LHBP,EGLL,NA,NA,TRUE,27L
407537-BAW482P-2019-03-13-0,1583,EGLL,LELL,2019-03-13T18:43:32Z,2019-03-13T19:59:35Z,FALSE,NA
407537-BAW482P-2019-03-13-0,1583,EGLL,LELL,NA,NA,FALSE,NA
407537-BAW484C-2019-03-13-0,1655,EGLL,NA,2019-03-13T11:33:13Z,2019-03-13T12:59:39Z,FALSE,NA
407537-BAW484C-2019-03-13-0,1655,EGLL,NA,NA,NA,FALSE,NA
407537-BAW485-2019-03-13-0,2864,LEBL,EGLL,2019-03-13T14:24:21Z,2019-03-13T16:24:27Z,TRUE,27R
407537-BAW485-2019-03-13-0,2864,LEBL,EGLL,NA,NA,TRUE,27R
4075fd-BAW358-2019-03-13-0,1734,EGLL,LFLL,2019-03-13T13:42:55Z,2019-03-13T14:51:37Z,FALSE,NA
4075fd-BAW358-2019-03-13-0,1734,EGLL,LFLL,NA,NA,FALSE,NA
4075fd-BAW40YL-2019-03-13-0,2876,LFLL,EGLL,2019-03-13T15:59:18Z,2019-03-13T17:23:43Z,TRUE,27R
4075fd-BAW40YL-2019-03-13-0,2876,LFLL,EGLL,NA,NA,TRUE,27R
4075fd-BAW706V-2019-03-13-0,1812,EGLL,LOWW,2019-03-13T19:01:54Z,2019-03-13T20:40:33Z,FALSE,NA
4075fd-BAW854-2019-03-13-0,1760,EGLL,LKPR,2019-03-13T07:37:18Z,2019-03-13T09:01:50Z,FALSE,NA
4075fd-BAW854-2019-03-13-0,1760,EGLL,LKPR,NA,NA,FALSE,NA
4075fd-BAW855-2019-03-13-0,3291,LKPR,EGLL,2019-03-13T10:36:19Z,2019-03-13T12:29:15Z,TRUE,27L
4075fd-BAW855-2019-03-13-0,3291,LKPR,EGLL,NA,NA,TRUE,27L
4075fe-BAW456-2019-03-13-0,1778,EGLL,LEMD,2019-03-13T06:53:05Z,2019-03-13T07:49:39Z,FALSE,NA
4075fe-BAW456-2019-03-13-0,1778,EGLL,LEMD,NA,NA,FALSE,NA
4075fe-BAW457-2019-03-13-0,3390,LEMD,EGLL,2019-03-13T11:32:32Z,2019-03-13T12:55:27Z,TRUE,27L
4075fe-BAW457-2019-03-13-0,3390,LEMD,EGLL,NA,NA,TRUE,27L
4075fe-BAW782F-2019-03-13-0,1901,EGLL,ESSA,2019-03-13T16:01:39Z,2019-03-13T18:08:38Z,FALSE,NA
4075fe-BAW783C-2019-03-13-0,2628,ESSA,EGLL,2019-03-13T19:46:26Z,2019-03-13T21:55:22Z,TRUE,27R
4075ff-BAW558-2019-03-13-0,1583,EGLL,LIRF,2019-03-13T18:38:53Z,2019-03-13T20:26:05Z,FALSE,NA
4075ff-BAW558-2019-03-13-0,1583,EGLL,LIRF,NA,NA,FALSE,NA
4075ff-BAW604-2019-03-13-0,1686,EGLL,NA,2019-03-13T12:24:37Z,2019-03-13T13:48:37Z,FALSE,NA
4075ff-BAW605-2019-03-13-0,2606,NA,EGLL,2019-03-13T15:10:04Z,2019-03-13T17:00:14Z,TRUE,27R
4075ff-BAW605-2019-03-13-0,2606,NA,EGLL,NA,NA,TRUE,27R
4075ff-SHT2L-2019-03-13-0,2454,EGLL,EGCC,2019-03-13T07:21:15Z,2019-03-13T08:02:08Z,FALSE,NA
4075ff-SHT2L-2019-03-13-0,2454,EGLL,EGCC,NA,NA,FALSE,NA
4075ff-SHT3P-2019-03-13-0,3057,EGCC,EGLL,2019-03-13T10:01:27Z,2019-03-13T10:52:23Z,TRUE,27L
4076cd-BAW592-2019-03-13-0,1722,EGLL,LPPT,2019-03-13T09:26:23Z,2019-03-13T10:15:43Z,FALSE,NA
4076cd-BAW593-2019-03-13-0,2924,LPPT,EGLL,2019-03-13T14:34:51Z,2019-03-13T15:35:25Z,TRUE,27R
4076cd-BAW593-2019-03-13-0,2924,LPPT,EGLL,NA,NA,TRUE,27R
4076cd-BAW853S-2019-03-13-0,3507,LKPR,EGLL,2019-03-13T06:10:29Z,2019-03-13T08:07:58Z,TRUE,27L
4076cd-BAW853S-2019-03-13-0,3507,LKPR,EGLL,NA,NA,TRUE,27L
4076cd-BAW870-2019-03-13-0,1750,EGLL,LHBP,2019-03-13T18:42:43Z,2019-03-13T20:36:28Z,FALSE,NA
4076cd-BAW870-2019-03-13-0,1750,EGLL,LHBP,NA,NA,FALSE,NA
4076e2-BAW327-2019-03-13-0,2534,LFPG,EGLL,2019-03-13T19:48:49Z,2019-03-13T20:31:02Z,TRUE,27R
4076e2-BAW327-2019-03-13-0,2534,LFPG,EGLL,NA,NA,TRUE,27R
4076e2-BAW3PG-2019-03-13-0,2462,EGLL,LFPG,2019-03-13T17:48:20Z,2019-03-13T18:29:21Z,FALSE,NA
4076e2-BAW3PG-2019-03-13-0,2462,EGLL,LFPG,NA,NA,FALSE,NA
4076e2-BAW430-2019-03-13-0,2806,EGLL,EHAM,2019-03-13T09:25:10Z,2019-03-13T10:21:29Z,FALSE,NA
4076e2-BAW430-2019-03-13-0,2806,EGLL,EHAM,NA,NA,FALSE,NA
4076e2-BAW431-2019-03-13-0,3504,EHAM,EGLL,2019-03-13T11:37:01Z,2019-03-13T12:36:09Z,TRUE,27L
4076e2-BAW431-2019-03-13-0,3504,EHAM,EGLL,NA,NA,TRUE,27L
424118-AFL2578-2019-03-13-0,3601,UUEE,EGLL,2019-03-13T08:11:21Z,2019-03-13T12:06:09Z,TRUE,27L
424118-AFL2578-2019-03-13-0,3601,UUEE,EGLL,NA,NA,TRUE,27L
424118-AFL2579-2019-03-13-0,2001,EGLL,UUEE,2019-03-13T13:46:27Z,2019-03-13T17:09:46Z,FALSE,NA
424118-AFL2579-2019-03-13-0,2001,EGLL,UUEE,NA,NA,FALSE,NA
4242d9-AFL2580-2019-03-13-0,3206,UUEE,EGLL,2019-03-13T05:24:21Z,2019-03-13T09:12:12Z,TRUE,27L
4242d9-AFL2580-2019-03-13-0,3206,UUEE,EGLL,NA,NA,TRUE,27L
4242d9-AFL2581-2019-03-13-0,1956,EGLL,UUEE,2019-03-13T10:55:11Z,2019-03-13T14:20:04Z,FALSE,NA
4242d9-AFL2581-2019-03-13-0,1956,EGLL,UUEE,NA,NA,FALSE,NA
4242d9-AFL2584-2019-03-13-0,2757,UUEE,EGLL,2019-03-13T17:18:00Z,2019-03-13T20:55:09Z,TRUE,27R
4242d9-AFL2585-2019-03-13-0,1890,EGLL,UUEE,2019-03-13T22:38:38Z,2019-03-13T23:59:59Z,FALSE,NA
4242d9-AFL2585-2019-03-13-0,1890,EGLL,UUEE,NA,NA,FALSE,NA
424947-AFL2582-2019-03-13-0,2559,UUEE,EGLL,2019-03-13T12:04:13Z,2019-03-13T15:41:24Z,TRUE,27R
424947-AFL2582-2019-03-13-0,2559,UUEE,EGLL,NA,NA,TRUE,27R
424947-AFL2583-2019-03-13-0,1942,EGLL,UUEE,2019-03-13T17:26:53Z,2019-03-13T20:44:42Z,FALSE,NA
4400b2-AUA458-2019-03-13-0,1786,EGLL,LOWW,2019-03-13T06:19:59Z,2019-03-13T08:13:43Z,FALSE,NA
4400b2-AUA49HN-2019-03-13-0,2689,LOWW,EGLL,2019-03-13T19:17:30Z,2019-03-13T21:23:49Z,TRUE,27R
4400b2-AUA49HN-2019-03-13-0,2689,LOWW,EGLL,NA,NA,TRUE,27R
4400c3-AUA28TN-2019-03-13-0,3503,LOWW,EGLL,2019-03-13T06:14:29Z,2019-03-13T08:34:51Z,TRUE,27L
4400c3-AUA28TN-2019-03-13-0,3503,LOWW,EGLL,NA,NA,TRUE,27L
4400c3-AUA36U-2019-03-13-0,1778,EGLL,LOWW,2019-03-13T09:55:36Z,2019-03-13T11:34:04Z,FALSE,NA
4400c3-AUA36U-2019-03-13-0,1778,EGLL,LOWW,NA,NA,FALSE,NA
4400c3-AUA455-2019-03-13-0,2514,LOWW,EGLL,2019-03-13T17:00:02Z,2019-03-13T18:58:57Z,TRUE,27R
4400c3-AUA456-2019-03-13-0,1736,EGLL,LOWW,2019-03-13T20:24:43Z,2019-03-13T22:01:45Z,FALSE,NA
440419-EWG460-2019-03-13-0,3238,EDDK,EGLL,2019-03-13T07:53:42Z,2019-03-13T09:04:28Z,TRUE,27L
440419-EWG460-2019-03-13-0,3238,EDDK,EGLL,NA,NA,TRUE,27L
440419-EWG461-2019-03-13-0,1853,EGLL,EDDK,2019-03-13T10:11:32Z,2019-03-13T11:01:20Z,FALSE,NA
448442-BAW104-2019-03-13-0,2521,OMDB,EGLL,2019-03-13T13:50:00Z,2019-03-13T17:35:42Z,TRUE,27R
448442-BAW104-2019-03-13-0,2521,OMDB,EGLL,NA,NA,TRUE,27R
448442-BAW105-2019-03-13-0,1760,EGLL,NA,2019-03-13T21:18:35Z,2019-03-13T23:59:59Z,FALSE,NA
44cdc7-BEL4AH-2019-03-13-0,2568,EBBR,EGLL,2019-03-13T20:44:23Z,2019-03-13T21:27:10Z,TRUE,27R
44cdc7-BEL4AH-2019-03-13-0,2568,EBBR,EGLL,NA,NA,TRUE,27R
44cdcd-BEL2104-2019-03-13-0,2266,EGLL,EBMB,2019-03-13T07:14:55Z,2019-03-13T07:54:54Z,FALSE,NA
44ce69-BEL7AH-2019-03-13-0,2560,EBBR,EGLL,2019-03-13T16:15:44Z,2019-03-13T16:58:23Z,TRUE,27R
44ce69-BEL93B-2019-03-13-0,2622,EGLL,EBBR,2019-03-13T18:37:42Z,2019-03-13T19:26:58Z,FALSE,NA
44ce69-BEL93B-2019-03-13-0,2622,EGLL,EBBR,NA,NA,FALSE,NA
44ce71-BEL2094-2019-03-13-0,2260,EGLL,EBMB,2019-03-13T11:25:00Z,2019-03-13T12:06:29Z,FALSE,NA
44ce71-BEL2AH-2019-03-13-0,3802,EBBR,EGLL,2019-03-13T09:09:08Z,2019-03-13T10:12:29Z,TRUE,27L
44ce71-BEL2AH-2019-03-13-0,3802,EBBR,EGLL,NA,NA,TRUE,27L
451e8e-LZB851-2019-03-13-0,2584,NA,EGLL,2019-03-13T12:47:22Z,2019-03-13T15:37:29Z,TRUE,27R
451e8e-LZB851-2019-03-13-0,2584,NA,EGLL,NA,NA,TRUE,27R
461f2f-FIN7AY-2019-03-13-0,2065,EGLL,EFHK,2019-03-13T16:37:30Z,2019-03-13T19:11:43Z,FALSE,NA
461f2f-FIN7AY-2019-03-13-0,2065,EGLL,EFHK,NA,NA,FALSE,NA
461f2f-FIN7HX-2019-03-13-0,2552,EFHK,EGLL,2019-03-13T12:14:30Z,2019-03-13T14:58:59Z,TRUE,27L
461f35-FIN7GR-2019-03-13-0,2700,EFHK,EGLL,2019-03-13T18:03:49Z,2019-03-13T20:52:45Z,TRUE,27R
461f39-FIN19H-2019-03-13-0,1942,EGLL,EFHK,2019-03-13T19:41:21Z,2019-03-13T22:14:06Z,FALSE,NA
461f39-FIN19H-2019-03-13-0,1942,EGLL,EFHK,NA,NA,FALSE,NA
461f39-FIN8DA-2019-03-13-0,2555,EFHK,EGLL,2019-03-13T15:35:01Z,2019-03-13T18:15:51Z,TRUE,27R
461f39-FIN8DA-2019-03-13-0,2555,EFHK,EGLL,NA,NA,TRUE,27R
461f4a-FIN2XR-2019-03-13-0,1908,EGLL,EFHK,2019-03-13T10:49:23Z,2019-03-13T13:14:26Z,FALSE,NA
461f4a-FIN2XR-2019-03-13-0,1908,EGLL,EFHK,NA,NA,FALSE,NA
461f4a-FIN3ML-2019-03-13-0,3211,EFHK,EGLL,2019-03-13T06:18:02Z,2019-03-13T09:05:53Z,TRUE,27L
461f4a-FIN3ML-2019-03-13-0,3211,EFHK,EGLL,NA,NA,TRUE,27L
461f64-FIN4CE-2019-03-13-0,1972,EGLL,EFHK,2019-03-13T18:24:38Z,2019-03-13T21:05:59Z,FALSE,NA
461f64-FIN7WG-2019-03-13-0,2247,EFHK,EGLL,2019-03-13T14:15:00Z,2019-03-13T16:55:44Z,TRUE,27R
461f6c-FIN8AK-2019-03-13-0,1959,EGLL,EFHK,2019-03-13T07:54:59Z,2019-03-13T10:19:19Z,FALSE,NA
4692cf-AEE2EG-2019-03-13-0,2891,NA,EGLL,2019-03-13T11:47:57Z,2019-03-13T15:28:47Z,TRUE,27R
4692cf-AEE2EG-2019-03-13-0,2891,NA,EGLL,NA,NA,TRUE,27R
4692cf-AEE8SE-2019-03-13-0,1670,EGLL,LGAV,2019-03-13T17:01:07Z,2019-03-13T19:58:00Z,FALSE,NA
4692d0-AEE2FL-2019-03-13-0,2673,NA,EGLL,2019-03-13T17:24:40Z,2019-03-13T20:59:50Z,TRUE,27R
4692d0-AEE601-2019-03-13-0,1707,EGLL,LGAV,2019-03-13T12:45:17Z,2019-03-13T15:38:52Z,FALSE,NA
4692d0-AEE601-2019-03-13-0,1707,EGLL,LGAV,NA,NA,FALSE,NA
4692d0-AEE609-2019-03-13-0,1623,EGLL,LGAV,2019-03-13T22:31:22Z,2019-03-13T23:59:59Z,FALSE,NA
4692d0-AEE6AV-2019-03-13-0,3704,NA,EGLL,2019-03-13T07:27:54Z,2019-03-13T11:17:24Z,TRUE,27L
4692d0-AEE6AV-2019-03-13-0,3704,NA,EGLL,NA,NA,TRUE,27L
478350-SAS43A-2019-03-13-0,3393,NA,EGLL,2019-03-13T07:39:34Z,2019-03-13T09:39:17Z,TRUE,27L
478350-SAS43A-2019-03-13-0,3393,NA,EGLL,NA,NA,TRUE,27L
478350-SAS4627-2019-03-13-0,2660,NA,EGLL,2019-03-13T17:55:48Z,2019-03-13T19:16:39Z,TRUE,27R
478350-SAS4627-2019-03-13-0,2660,NA,EGLL,NA,NA,TRUE,27R
478350-SAS4628-2019-03-13-0,2062,EGLL,NA,2019-03-13T20:19:43Z,2019-03-13T21:40:13Z,FALSE,NA
478350-SAS804-2019-03-13-0,2065,EGLL,ENGM,2019-03-13T10:52:49Z,2019-03-13T12:31:41Z,FALSE,NA
478350-SAS804-2019-03-13-0,2065,EGLL,ENGM,NA,NA,FALSE,NA
478354-SAS4629-2019-03-13-0,3274,NA,EGLL,2019-03-13T08:47:18Z,2019-03-13T10:23:39Z,TRUE,27L
478354-SAS4629-2019-03-13-0,3274,NA,EGLL,NA,NA,TRUE,27L
478354-SAS4630-2019-03-13-0,2133,EGLL,NA,2019-03-13T12:19:15Z,2019-03-13T13:37:59Z,FALSE,NA
484130-KLM1009-2019-03-13-0,4048,EHAM,EGLL,2019-03-13T10:11:02Z,2019-03-13T11:18:49Z,TRUE,27L
484130-KLM1009-2019-03-13-0,4048,EHAM,EGLL,NA,NA,TRUE,27L
484130-KLM1010-2019-03-13-0,2649,EGLL,EHAM,2019-03-13T17:01:52Z,2019-03-13T17:49:21Z,FALSE,NA
48415e-KLM1001-2019-03-13-0,3536,EHAM,EGLL,2019-03-13T06:36:52Z,2019-03-13T07:35:49Z,TRUE,27L
48415e-KLM1001-2019-03-13-0,3536,EHAM,EGLL,NA,NA,TRUE,27L
48415e-KLM1002-2019-03-13-0,2442,EGLL,EHAM,2019-03-13T10:02:05Z,2019-03-13T10:47:44Z,FALSE,NA
484162-KLM1007-2019-03-13-0,3942,EHAM,EGLL,2019-03-13T07:46:41Z,2019-03-13T08:52:24Z,TRUE,27L
484162-KLM1007-2019-03-13-0,3942,EHAM,EGLL,NA,NA,TRUE,27L
484162-KLM1008-2019-03-13-0,2292,EGLL,EHAM,2019-03-13T11:52:54Z,2019-03-13T12:42:27Z,FALSE,NA
484162-KLM1008-2019-03-13-0,2292,EGLL,EHAM,NA,NA,FALSE,NA
484163-KLM1020-2019-03-13-0,2454,EGLL,EHAM,2019-03-13T17:31:45Z,2019-03-13T18:20:21Z,FALSE,NA
484163-KLM1020-2019-03-13-0,2454,EGLL,EHAM,NA,NA,FALSE,NA
484163-KLM89A-2019-03-13-0,2906,EHAM,EGLL,2019-03-13T14:04:22Z,2019-03-13T14:52:55Z,TRUE,27L
484164-KLM1033-2019-03-13-0,3177,EHAM,EGLL,2019-03-13T20:52:10Z,2019-03-13T21:45:35Z,TRUE,27L
484164-KLM1033-2019-03-13-0,3177,EHAM,EGLL,NA,NA,TRUE,27L
484558-KLM1032-2019-03-13-0,2615,EGLL,EHAM,2019-03-13T21:00:07Z,2019-03-13T21:54:01Z,FALSE,NA
484558-KLM73L-2019-03-13-0,3340,EHAM,EGLL,2019-03-13T18:13:30Z,2019-03-13T19:09:11Z,TRUE,27R
484558-KLM73L-2019-03-13-0,3340,EHAM,EGLL,NA,NA,TRUE,27R
484b8f-KLM1000-2019-03-13-0,2418,EGLL,EHAM,2019-03-13T06:47:56Z,2019-03-13T07:31:28Z,FALSE,NA
484b8f-KLM1000-2019-03-13-0,2418,EGLL,EHAM,NA,NA,FALSE,NA
484f06-KLM55W-2019-03-13-0,2318,EGLL,EHAM,2019-03-13T18:21:50Z,2019-03-13T19:03:58Z,FALSE,NA
484f06-KLM57A-2019-03-13-0,2523,EHAM,EGLL,2019-03-13T15:25:31Z,2019-03-13T16:07:40Z,TRUE,27R
484f06-KLM57A-2019-03-13-0,2523,EHAM,EGLL,NA,NA,TRUE,27R
4853f4-KLM1018-2019-03-13-0,2266,EGLL,EHAM,2019-03-13T17:55:22Z,2019-03-13T18:40:18Z,FALSE,NA
4853f4-KLM1018-2019-03-13-0,2266,EGLL,EHAM,NA,NA,FALSE,NA
4853f4-KLM1019-2019-03-13-0,2898,EHAM,EGLL,2019-03-13T14:24:34Z,2019-03-13T15:12:59Z,TRUE,27R
4853f4-KLM1019-2019-03-13-0,2898,EHAM,EGLL,NA,NA,TRUE,27R
485871-KLM1024-2019-03-13-0,3190,EGLL,EHAM,2019-03-13T20:02:29Z,2019-03-13T21:04:29Z,FALSE,NA
485871-KLM40U-2019-03-13-0,2809,EHAM,EGLL,2019-03-13T17:58:04Z,2019-03-13T18:44:59Z,TRUE,27R
485871-KLM40U-2019-03-13-0,2809,EHAM,EGLL,NA,NA,TRUE,27R
48ae81-LOT27G-2019-03-13-0,2443,EPWA,EGLL,2019-03-13T14:52:14Z,2019-03-13T17:02:58Z,TRUE,27R
48ae81-LOT27G-2019-03-13-0,2443,EPWA,EGLL,NA,NA,TRUE,27R
48ae81-LOT2MF-2019-03-13-0,1908,EGLL,EPWA,2019-03-13T18:35:05Z,2019-03-13T20:26:59Z,FALSE,NA
48ae81-LOT2MF-2019-03-13-0,1908,EGLL,EPWA,NA,NA,FALSE,NA
48ae82-LOT281-2019-03-13-0,3469,EPWA,EGLL,2019-03-13T07:16:15Z,2019-03-13T09:49:51Z,TRUE,27L
48ae82-LOT282-2019-03-13-0,1994,EGLL,EPWA,2019-03-13T11:34:10Z,2019-03-13T13:34:23Z,FALSE,NA
48ae82-LOT282-2019-03-13-0,1994,EGLL,EPWA,NA,NA,FALSE,NA
495149-TAP1352-2019-03-13-0,3246,LPPT,EGLL,2019-03-13T11:38:15Z,2019-03-13T12:42:27Z,TRUE,27L
495149-TAP1352-2019-03-13-0,3246,LPPT,EGLL,NA,NA,TRUE,27L
495149-TAP1359-2019-03-13-0,1721,EGLL,LPPT,2019-03-13T14:12:31Z,2019-03-13T14:56:16Z,FALSE,NA
49514c-TAP1356-2019-03-13-0,2757,LPPT,EGLL,2019-03-13T16:27:52Z,2019-03-13T17:26:45Z,TRUE,27R
49514c-TAP1356-2019-03-13-0,2757,LPPT,EGLL,NA,NA,TRUE,27R
49514c-TAP1357-2019-03-13-0,1699,EGLL,LPPT,2019-03-13T18:45:25Z,2019-03-13T19:34:46Z,FALSE,NA
49514c-TAP1357-2019-03-13-0,1699,EGLL,LPPT,NA,NA,FALSE,NA
495292-TAP1351-2019-03-13-0,1851,EGLL,LPPT,2019-03-13T08:33:15Z,2019-03-13T09:26:04Z,FALSE,NA
495292-TAP1351-2019-03-13-0,1851,EGLL,LPPT,NA,NA,FALSE,NA
495293-TAP1366-2019-03-13-0,2435,LPPT,EGLL,2019-03-13T21:34:39Z,2019-03-13T22:27:40Z,TRUE,27R
495293-TAP1366-2019-03-13-0,2435,LPPT,EGLL,NA,NA,TRUE,27R
4952c1-TAP1363-2019-03-13-0,1876,EGLL,LPPT,2019-03-13T06:08:10Z,2019-03-13T06:59:59Z,FALSE,NA
49d027-EWG2460-2019-03-13-0,3091,EDDS,EGLL,2019-03-13T12:01:39Z,2019-03-13T13:32:26Z,TRUE,27L
49d027-EWG2461-2019-03-13-0,1715,EGLL,EDDS,2019-03-13T14:28:15Z,2019-03-13T15:34:59Z,FALSE,NA
49d027-EWG2463-2019-03-13-0,1780,EGLL,EDDS,2019-03-13T09:08:03Z,2019-03-13T10:18:56Z,FALSE,NA
49d027-EWG7NP-2019-03-13-0,3510,EDDS,EGLL,2019-03-13T06:18:55Z,2019-03-13T07:55:40Z,TRUE,27L
49d027-EWG7NP-2019-03-13-0,3510,EDDS,EGLL,NA,NA,TRUE,27L
49d094-EWG5TV-2019-03-13-0,2855,EDDS,EGLL,2019-03-13T16:16:11Z,2019-03-13T17:40:29Z,TRUE,27R
49d094-EWG5TV-2019-03-13-0,2855,EDDS,EGLL,NA,NA,TRUE,27R
49d094-EWG7C-2019-03-13-0,1786,EGLL,EDDS,2019-03-13T18:58:27Z,2019-03-13T20:04:33Z,FALSE,NA
49d094-EWG7C-2019-03-13-0,1786,EGLL,EDDS,NA,NA,FALSE,NA
4a0663-ROT391-2019-03-13-0,2970,LROP,EGLL,2019-03-13T10:43:30Z,2019-03-13T13:56:47Z,TRUE,27L
4a0663-ROT391-2019-03-13-0,2970,LROP,EGLL,NA,NA,TRUE,27L
4a0663-ROT392M-2019-03-13-0,1835,EGLL,LROP,2019-03-13T15:16:31Z,2019-03-13T17:59:26Z,FALSE,NA
4a91f9-SAS527-2019-03-13-0,2456,ESSA,EGLL,2019-03-13T14:31:46Z,2019-03-13T16:40:45Z,TRUE,27R
4a91f9-SAS527-2019-03-13-0,2456,ESSA,EGLL,NA,NA,TRUE,27R
4a91f9-SAS528-2019-03-13-0,2291,EGLL,ESSA,2019-03-13T18:30:06Z,2019-03-13T20:35:55Z,FALSE,NA
4a91f9-SAS528-2019-03-13-0,2291,EGLL,ESSA,NA,NA,FALSE,NA
4ac9e1-SAS1523-2019-03-13-0,2524,ESSA,EGLL,2019-03-13T15:23:06Z,2019-03-13T17:31:25Z,TRUE,27R
4ac9e1-SAS1523-2019-03-13-0,2524,ESSA,EGLL,NA,NA,TRUE,27R
4ac9e1-SAS1524-2019-03-13-0,2209,EGLL,ESSA,2019-03-13T19:20:39Z,2019-03-13T21:23:26Z,FALSE,NA
4b1612-SWR30K-2019-03-13-0,1643,EGLL,LSZH,2019-03-13T14:24:06Z,2019-03-13T15:45:29Z,FALSE,NA
4b1612-SWR43R-2019-03-13-0,3415,LSZH,EGLL,2019-03-13T11:18:31Z,2019-03-13T13:05:52Z,TRUE,27L
4b1612-SWR43R-2019-03-13-0,3415,LSZH,EGLL,NA,NA,TRUE,27L
4b1617-SWR31J-2019-03-13-0,3480,LSZH,EGLL,2019-03-13T06:24:18Z,2019-03-13T08:17:56Z,TRUE,27L
4b1617-SWR31J-2019-03-13-0,3480,LSZH,EGLL,NA,NA,TRUE,27L
4b1617-SWR32V-2019-03-13-0,1651,EGLL,LSZH,2019-03-13T09:49:41Z,2019-03-13T11:06:11Z,FALSE,NA
4b1617-SWR32V-2019-03-13-0,1651,EGLL,LSZH,NA,NA,FALSE,NA
4b161c-SWR24H-2019-03-13-0,2819,LSZH,EGLL,2019-03-13T20:04:30Z,2019-03-13T21:42:29Z,TRUE,27R
4b161c-SWR24H-2019-03-13-0,2819,LSZH,EGLL,NA,NA,TRUE,27R
4b161c-SWR324-2019-03-13-0,2835,LSZH,EGLL,2019-03-13T14:35:31Z,2019-03-13T16:17:29Z,TRUE,27R
4b161c-SWR324-2019-03-13-0,2835,LSZH,EGLL,NA,NA,TRUE,27R
4b161c-SWR35N-2019-03-13-0,1793,EGLL,LSZH,2019-03-13T17:29:46Z,2019-03-13T18:47:58Z,FALSE,NA
4b169a-SWR327-2019-03-13-0,1748,EGLL,LSZH,2019-03-13T19:05:14Z,2019-03-13T20:32:03Z,FALSE,NA
4b169a-SWR345-2019-03-13-0,1843,EGLL,LSZH,2019-03-13T06:10:40Z,2019-03-13T07:23:19Z,FALSE,NA
4b169a-SWR36A-2019-03-13-0,3084,LSZH,EGLL,2019-03-13T16:05:02Z,2019-03-13T17:48:48Z,TRUE,27R
4b169a-SWR36A-2019-03-13-0,3084,LSZH,EGLL,NA,NA,TRUE,27R
4b17fa-SWR359-2019-03-13-0,1963,EGLL,LSGG,2019-03-13T07:12:43Z,2019-03-13T08:25:47Z,FALSE,NA
4b17fe-SWR25N-2019-03-13-0,1704,EGLL,LSGG,2019-03-13T15:02:04Z,2019-03-13T16:17:29Z,FALSE,NA
4b17fe-SWR46V-2019-03-13-0,2825,LSGG,EGLL,2019-03-13T12:23:32Z,2019-03-13T13:46:59Z,TRUE,27L
4b17fe-SWR46V-2019-03-13-0,2825,LSGG,EGLL,NA,NA,TRUE,27L
4b1801-SWR348-2019-03-13-0,2816,LSGG,EGLL,2019-03-13T15:05:01Z,2019-03-13T16:28:52Z,TRUE,27R
4b1801-SWR348-2019-03-13-0,2816,LSGG,EGLL,NA,NA,TRUE,27R
4b1801-SWR349-2019-03-13-0,1707,EGLL,LSGG,2019-03-13T17:40:54Z,2019-03-13T18:44:24Z,FALSE,NA
4b1801-SWR349-2019-03-13-0,1707,EGLL,LSGG,NA,NA,FALSE,NA
4b1801-SWR358-2019-03-13-0,2808,LSGG,EGLL,2019-03-13T19:57:03Z,2019-03-13T21:22:11Z,TRUE,27R
4b1801-SWR358-2019-03-13-0,2808,LSGG,EGLL,NA,NA,TRUE,27R
4b1803-SWR353-2019-03-13-0,1774,EGLL,LSGG,2019-03-13T09:23:32Z,2019-03-13T10:33:24Z,FALSE,NA
4b1803-SWR35B-2019-03-13-0,3395,LSGG,EGLL,2019-03-13T06:41:54Z,2019-03-13T08:14:59Z,TRUE,27L
4b1803-SWR35B-2019-03-13-0,3395,LSGG,EGLL,NA,NA,TRUE,27L
4b1803-SWR37G-2019-03-13-0,1677,EGLL,LSGG,2019-03-13T19:50:14Z,2019-03-13T20:55:59Z,FALSE,NA
4b1803-SWR37G-2019-03-13-0,1677,EGLL,LSGG,NA,NA,FALSE,NA
4b1803-SWR58M-2019-03-13-0,2702,LSGG,EGLL,2019-03-13T17:17:27Z,2019-03-13T18:40:58Z,TRUE,27R
4b1803-SWR58M-2019-03-13-0,2702,LSGG,EGLL,NA,NA,TRUE,27R
4b18f2-SWR26H-2019-03-13-0,2619,LSZH,EGLL,2019-03-13T17:23:31Z,2019-03-13T19:03:25Z,TRUE,27R
4b18f2-SWR26H-2019-03-13-0,2619,LSZH,EGLL,NA,NA,TRUE,27R
4b18f2-SWR339-2019-03-13-0,1720,EGLL,LSZH,2019-03-13T20:27:17Z,2019-03-13T21:39:46Z,FALSE,NA
4ba9e9-THY5UW-2019-03-13-0,1733,EGLL,LTBW,2019-03-13T18:18:52Z,2019-03-13T21:27:30Z,FALSE,NA
4ba9e9-THY7MM-2019-03-13-0,2643,LTBA,EGLL,2019-03-13T12:37:50Z,2019-03-13T16:15:28Z,TRUE,27R
4ba9e9-THY7MM-2019-03-13-0,2643,LTBA,EGLL,NA,NA,TRUE,27R
4baa65-THY6WD-2019-03-13-0,1824,EGLL,NA,2019-03-13T07:30:34Z,2019-03-13T10:33:27Z,FALSE,NA
4baa65-THY6WD-2019-03-13-0,1824,EGLL,NA,NA,NA,FALSE,NA
4baa73-THY7KN-2019-03-13-0,2433,LTBA,EGLL,2019-03-13T18:35:13Z,2019-03-13T22:13:34Z,TRUE,27R
4baa73-THY7KN-2019-03-13-0,2433,LTBA,EGLL,NA,NA,TRUE,27R
4baa8f-THY5BX-2019-03-13-0,2691,LTBA,EGLL,2019-03-13T17:35:42Z,2019-03-13T21:15:37Z,TRUE,27R
4baa8f-THY5BX-2019-03-13-0,2691,LTBA,EGLL,NA,NA,TRUE,27R
4baa8f-THY5NW-2019-03-13-0,1737,EGLL,LTBW,2019-03-13T22:59:53Z,2019-03-13T23:59:59Z,FALSE,NA
4baa8f-THY5NW-2019-03-13-0,1737,EGLL,LTBW,NA,NA,FALSE,NA
4bb145-THY1FD-2019-03-13-0,1646,EGLL,LTBA,2019-03-13T16:44:34Z,2019-03-13T19:36:05Z,FALSE,NA
4bb145-THY1FD-2019-03-13-0,1646,EGLL,LTBA,NA,NA,FALSE,NA
4bb145-THY4RA-2019-03-13-0,2516,LTBA,EGLL,2019-03-13T11:23:43Z,2019-03-13T14:48:51Z,TRUE,27L
4bb162-THY2HY-2019-03-13-0,3180,LTBA,EGLL,2019-03-13T06:55:15Z,2019-03-13T10:31:55Z,TRUE,27L
4bb162-THY2HY-2019-03-13-0,3180,LTBA,EGLL,NA,NA,TRUE,27L
4bb162-THY55C-2019-03-13-0,1707,EGLL,LTBW,2019-03-13T12:43:19Z,2019-03-13T15:39:28Z,FALSE,NA
4bb162-THY55C-2019-03-13-0,1707,EGLL,LTBW,NA,NA,FALSE,NA
4c01e8-ASL42J-2019-03-13-0,1807,EGLL,NA,2019-03-13T13:58:19Z,2019-03-13T15:52:10Z,FALSE,NA
4c01e8-ASL42J-2019-03-13-0,1807,EGLL,NA,NA,NA,FALSE,NA
4c01e8-ASL51G-2019-03-13-0,3633,NA,EGLL,2019-03-13T09:52:49Z,2019-03-13T12:37:21Z,FALSE,NA
4c01e8-ASL51G-2019-03-13-0,3633,NA,EGLL,NA,NA,FALSE,NA
4ca211-EIN14Y-2019-03-13-0,2499,EGLL,EIDW,2019-03-13T07:02:49Z,2019-03-13T07:58:48Z,FALSE,NA
4ca215-EIN712-2019-03-13-0,2910,EICK,EGLL,2019-03-13T12:33:43Z,2019-03-13T13:38:59Z,TRUE,27L
4ca215-EIN712-2019-03-13-0,2910,EICK,EGLL,NA,NA,TRUE,27L
4ca215-EIN715-2019-03-13-0,2184,EGLL,EICK,2019-03-13T14:43:55Z,2019-03-13T15:44:15Z,FALSE,NA
4ca215-EIN715-2019-03-13-0,2184,EGLL,EICK,NA,NA,FALSE,NA
4ca215-EIN71K-2019-03-13-0,3315,EICK,EGLL,2019-03-13T08:14:56Z,2019-03-13T09:18:48Z,TRUE,27L
4ca215-EIN71K-2019-03-13-0,3315,EICK,EGLL,NA,NA,TRUE,27L
4ca215-EIN71Y-2019-03-13-0,2173,EGLL,EICK,2019-03-13T10:33:36Z,2019-03-13T11:33:26Z,FALSE,NA
4ca215-EIN71Y-2019-03-13-0,2173,EGLL,EICK,NA,NA,FALSE,NA
4ca215-EIN723-2019-03-13-0,2102,EGLL,EICK,2019-03-13T18:36:13Z,2019-03-13T19:33:42Z,FALSE,NA
4ca215-EIN723-2019-03-13-0,2102,EGLL,EICK,NA,NA,FALSE,NA
4ca215-EIN725-2019-03-13-0,1989,EGLL,EICK,2019-03-13T21:55:32Z,2019-03-13T22:49:58Z,FALSE,NA
4ca215-EIN725-2019-03-13-0,1989,EGLL,EICK,NA,NA,FALSE,NA
4ca215-EIN7EG-2019-03-13-0,2426,EICK,EGLL,2019-03-13T16:33:33Z,2019-03-13T17:29:56Z,TRUE,27R
4ca215-EIN7EG-2019-03-13-0,2426,EICK,EGLL,NA,NA,TRUE,27R
4ca215-EIN7LP-2019-03-13-0,2229,EICK,EGLL,2019-03-13T20:19:02Z,2019-03-13T21:04:40Z,TRUE,27R
4ca215-EIN7LP-2019-03-13-0,2229,EICK,EGLL,NA,NA,TRUE,27R
4ca216-EIN172-2019-03-13-0,2233,EIWT,EGLL,2019-03-13T15:58:48Z,2019-03-13T16:44:57Z,TRUE,27R
4ca216-EIN17K-2019-03-13-0,2447,EGLL,EIDW,2019-03-13T17:52:49Z,2019-03-13T18:45:41Z,FALSE,NA
4ca216-EIN17K-2019-03-13-0,2447,EGLL,EIDW,NA,NA,FALSE,NA
4ca217-EIN18C-2019-03-13-0,2309,EIDW,EGLL,2019-03-13T20:06:46Z,2019-03-13T20:53:45Z,TRUE,27R
4ca280-EIN993-2019-03-13-0,2427,EGLL,EIDW,2019-03-13T13:06:45Z,2019-03-13T14:01:24Z,FALSE,NA
4ca281-EIN168E-2019-03-13-0,2256,EIDW,EGLL,2019-03-13T14:28:02Z,2019-03-13T15:14:17Z,TRUE,27R
4ca281-EIN168E-2019-03-13-0,2256,EIDW,EGLL,NA,NA,TRUE,27R
4ca281-EIN169-2019-03-13-0,2365,EGLL,EIDW,2019-03-13T16:26:19Z,2019-03-13T17:25:51Z,FALSE,NA
4ca281-EIN169-2019-03-13-0,2365,EGLL,EIDW,NA,NA,FALSE,NA
4ca281-EIN179-2019-03-13-0,2377,EGLL,EIDW,2019-03-13T20:57:04Z,2019-03-13T21:53:56Z,FALSE,NA
4ca281-EIN179-2019-03-13-0,2377,EGLL,EIDW,NA,NA,FALSE,NA
4ca281-EIN17J-2019-03-13-0,2413,EIDW,EGLL,2019-03-13T18:45:39Z,2019-03-13T19:34:27Z,TRUE,27R
4ca281-EIN17J-2019-03-13-0,2413,EIDW,EGLL,NA,NA,TRUE,27R
4ca292-EIN151-2019-03-13-0,2332,EGLL,EIDW,2019-03-13T07:58:07Z,2019-03-13T08:51:27Z,FALSE,NA
4ca292-EIN151-2019-03-13-0,2332,EGLL,EIDW,NA,NA,FALSE,NA
4ca292-EIN158-2019-03-13-0,3280,EIDW,EGLL,2019-03-13T10:22:39Z,2019-03-13T11:26:23Z,TRUE,27L
4ca292-EIN158-2019-03-13-0,3280,EIDW,EGLL,NA,NA,TRUE,27L
4ca292-EIN159-2019-03-13-0,2491,EGLL,EIDW,2019-03-13T12:48:50Z,2019-03-13T13:43:25Z,FALSE,NA
4ca292-EIN159-2019-03-13-0,2491,EGLL,EIDW,NA,NA,FALSE,NA
4ca2c9-EIN154-2019-03-13-0,3097,EIDW,EGLL,2019-03-13T08:10:14Z,2019-03-13T09:10:47Z,TRUE,27L
4ca2c9-EIN154-2019-03-13-0,3097,EIDW,EGLL,NA,NA,TRUE,27L
4ca2c9-EIN15N-2019-03-13-0,2586,EGLL,EIDW,2019-03-13T10:40:41Z,2019-03-13T11:40:16Z,FALSE,NA
4ca2c9-EIN15N-2019-03-13-0,2586,EGLL,EIDW,NA,NA,FALSE,NA
4ca2c9-EIN16C-2019-03-13-0,2555,EGLL,EIDW,2019-03-13T14:56:54Z,2019-03-13T15:59:09Z,FALSE,NA
4ca2c9-EIN16C-2019-03-13-0,2555,EGLL,EIDW,NA,NA,FALSE,NA
4ca2c9-EIN17A-2019-03-13-0,2421,EIDW,EGLL,2019-03-13T16:59:38Z,2019-03-13T17:49:58Z,TRUE,27R
4ca2c9-EIN17R-2019-03-13-0,2574,EGLL,EIDW,2019-03-13T19:00:56Z,2019-03-13T20:04:52Z,FALSE,NA
4ca2c9-EIN186-2019-03-13-0,2325,EIDW,EGLL,2019-03-13T21:06:21Z,2019-03-13T21:53:18Z,TRUE,27R
4ca2c9-EIN1VR-2019-03-13-0,2659,EIDW,EGLL,2019-03-13T12:50:05Z,2019-03-13T13:44:28Z,TRUE,27L
4ca5c3-AZA229-2019-03-13-0,1794,EGLL,LIML,2019-03-13T06:58:06Z,2019-03-13T08:23:19Z,FALSE,NA
4ca5c3-AZA229-2019-03-13-0,1794,EGLL,LIML,NA,NA,FALSE,NA
4ca6c4-EIN15D-2019-03-13-0,3265,EIDW,EGLL,2019-03-13T07:07:27Z,2019-03-13T08:10:37Z,TRUE,27L
4ca6c4-EIN15D-2019-03-13-0,3265,EIDW,EGLL,NA,NA,TRUE,27L
4ca6c4-EIN15M-2019-03-13-0,2375,EGLL,EIDW,2019-03-13T09:06:05Z,2019-03-13T10:03:05Z,FALSE,NA
4ca757-AZA20Y-2019-03-13-0,2529,LIRF,EGLL,2019-03-13T16:38:56Z,2019-03-13T18:57:37Z,TRUE,27R
4ca757-AZA87W-2019-03-13-0,1620,EGLL,LIML,2019-03-13T20:13:38Z,2019-03-13T21:38:07Z,FALSE,NA
4ca7d7-AZA209-2019-03-13-0,1633,EGLL,LIRF,2019-03-13T19:06:48Z,2019-03-13T20:50:43Z,FALSE,NA
4ca7d7-AZA79A-2019-03-13-0,2938,LIML,EGLL,2019-03-13T15:53:12Z,2019-03-13T17:44:26Z,TRUE,27R
4ca7d7-AZA79A-2019-03-13-0,2938,LIML,EGLL,NA,NA,TRUE,27R
4ca836-EIN15E-2019-03-13-0,3078,EIDW,EGLL,2019-03-13T09:21:42Z,2019-03-13T10:22:25Z,TRUE,27L
4ca836-EIN15E-2019-03-13-0,3078,EIDW,EGLL,NA,NA,TRUE,27L
4ca836-EIN5JL-2019-03-13-0,2495,EGLL,EIDW,2019-03-13T11:24:11Z,2019-03-13T12:31:13Z,FALSE,NA
4ca836-EIN5JL-2019-03-13-0,2495,EGLL,EIDW,NA,NA,FALSE,NA
4ca837-EIN03C-2019-03-13-0,2531,EGLL,EGAD,2019-03-13T11:50:48Z,2019-03-13T12:46:39Z,FALSE,NA
4ca837-EIN03C-2019-03-13-0,2531,EGLL,EGAD,NA,NA,FALSE,NA
4ca837-EIN03D-2019-03-13-0,2232,EGAC,EGLL,2019-03-13T17:48:33Z,2019-03-13T18:37:53Z,TRUE,27R
4ca837-EIN03N-2019-03-13-0,2204,EGAC,EGLL,2019-03-13T13:40:14Z,2019-03-13T14:29:37Z,TRUE,27L
4ca837-EIN03N-2019-03-13-0,2204,EGAC,EGLL,NA,NA,TRUE,27L
4ca837-EIN03RV-2019-03-13-0,3252,EGAC,EGLL,2019-03-13T09:32:29Z,2019-03-13T10:39:26Z,TRUE,27L
4ca837-EIN03RV-2019-03-13-0,3252,EGAC,EGLL,NA,NA,TRUE,27L
4ca837-EIN03T-2019-03-13-0,2599,EGLL,EGAD,2019-03-13T15:39:58Z,2019-03-13T16:49:24Z,FALSE,NA
4ca837-EIN03T-2019-03-13-0,2599,EGLL,EGAD,NA,NA,FALSE,NA
4ca837-EIN03X-2019-03-13-0,2461,EGLL,EGAD,2019-03-13T19:55:28Z,2019-03-13T20:50:35Z,FALSE,NA
4ca837-EIN03X-2019-03-13-0,2461,EGLL,EGAD,NA,NA,FALSE,NA
4ca845-AZA78M-2019-03-13-0,2611,LIRF,EGLL,2019-03-13T20:34:21Z,2019-03-13T22:53:23Z,TRUE,27R
4ca85b-AZA248-2019-03-13-0,2612,LIML,EGLL,2019-03-13T18:46:32Z,2019-03-13T20:32:12Z,TRUE,27R
4ca85b-AZA248-2019-03-13-0,2612,LIML,EGLL,NA,NA,TRUE,27R
4ca92d-EIN380-2019-03-13-0,3206,EINN,EGLL,2019-03-13T08:14:35Z,2019-03-13T09:25:42Z,TRUE,27L
4ca92d-EIN380-2019-03-13-0,3206,EINN,EGLL,NA,NA,TRUE,27L
4ca92d-EIN381-2019-03-13-0,2175,EGLL,EINN,2019-03-13T10:42:11Z,2019-03-13T11:44:27Z,FALSE,NA
4ca92d-EIN381-2019-03-13-0,2175,EGLL,EINN,NA,NA,FALSE,NA
4ca92d-EIN384-2019-03-13-0,2462,EINN,EGLL,2019-03-13T13:09:29Z,2019-03-13T14:08:51Z,TRUE,27L
4ca92d-EIN384-2019-03-13-0,2462,EINN,EGLL,NA,NA,TRUE,27L
4ca92d-EIN386-2019-03-13-0,2345,EINN,EGLL,2019-03-13T17:41:49Z,2019-03-13T18:39:18Z,TRUE,27R
4ca92d-EIN38J-2019-03-13-0,2288,EGLL,EINN,2019-03-13T19:54:24Z,2019-03-13T20:57:51Z,FALSE,NA
4ca92d-EIN38J-2019-03-13-0,2288,EGLL,EINN,NA,NA,FALSE,NA
4ca92d-EIN38W-2019-03-13-0,2226,EGLL,EINN,2019-03-13T15:41:36Z,2019-03-13T16:44:54Z,FALSE,NA
4ca92d-EIN38W-2019-03-13-0,2226,EGLL,EINN,NA,NA,FALSE,NA
4ca935-EIN1HM-2019-03-13-0,2358,EIDW,EGLL,2019-03-13T18:30:19Z,2019-03-13T19:17:58Z,TRUE,27R
4ca935-EIN1HM-2019-03-13-0,2358,EIDW,EGLL,NA,NA,TRUE,27R
4ca935-EIN1YG-2019-03-13-0,2405,EGLL,EIDW,2019-03-13T20:26:33Z,2019-03-13T21:26:37Z,FALSE,NA
4ca935-EIN1YG-2019-03-13-0,2405,EGLL,EIDW,NA,NA,FALSE,NA
4cacb5-SAS1530-2019-03-13-0,1953,EGLL,ESSA,2019-03-13T06:56:58Z,2019-03-13T08:56:26Z,FALSE,NA
4cacb5-SAS1530-2019-03-13-0,1953,EGLL,ESSA,NA,NA,FALSE,NA
4cacb5-SAS31A-2019-03-13-0,2534,ESSA,EGLL,2019-03-13T17:58:30Z,2019-03-13T20:04:59Z,TRUE,27R
4cacb5-SAS31A-2019-03-13-0,2534,ESSA,EGLL,NA,NA,TRUE,27R
4cacb5-SAS531-2019-03-13-0,3343,ESSA,EGLL,2019-03-13T10:57:18Z,2019-03-13T13:18:57Z,TRUE,27L
4cacb5-SAS531-2019-03-13-0,3343,ESSA,EGLL,NA,NA,TRUE,27L
4cacb5-SAS532-2019-03-13-0,2157,EGLL,ESSA,2019-03-13T14:28:53Z,2019-03-13T16:35:10Z,FALSE,NA
4cacb5-SAS532-2019-03-13-0,2157,EGLL,ESSA,NA,NA,FALSE,NA
4cacb5-SAS534-2019-03-13-0,2113,EGLL,ESSA,2019-03-13T21:16:52Z,2019-03-13T23:18:29Z,FALSE,NA
4cae8e-SAS52H-2019-03-13-0,3642,ESSA,EGLL,2019-03-13T08:41:15Z,2019-03-13T11:09:28Z,TRUE,27L
4cae8e-SAS52H-2019-03-13-0,3642,ESSA,EGLL,NA,NA,TRUE,27L
4cae8e-SAS56Y-2019-03-13-0,2114,EGLL,ESSA,2019-03-13T12:21:24Z,2019-03-13T14:27:12Z,FALSE,NA
4cae8e-SAS93K-2019-03-13-0,2394,ESSA,EGLL,2019-03-13T19:08:50Z,2019-03-13T21:12:32Z,TRUE,27R
4cae8e-SAS93K-2019-03-13-0,2394,ESSA,EGLL,NA,NA,TRUE,27R
4caf7e-SAS802-2019-03-13-0,1996,EGLL,ENGM,2019-03-13T07:11:03Z,2019-03-13T08:56:44Z,FALSE,NA
4caf7e-SAS811-2019-03-13-0,2454,NA,EGLL,2019-03-13T16:26:49Z,2019-03-13T18:10:26Z,TRUE,27R
4caf7e-SAS811-2019-03-13-0,2454,NA,EGLL,NA,NA,TRUE,27R
4caf7e-SAS812-2019-03-13-0,2176,EGLL,ENSI,2019-03-13T19:57:42Z,2019-03-13T21:40:08Z,FALSE,NA
4caf7e-SAS812-2019-03-13-0,2176,EGLL,ENSI,NA,NA,FALSE,NA
4caf82-SAS500-2019-03-13-0,1918,EGLL,EKCH,2019-03-13T07:01:44Z,2019-03-13T08:25:38Z,FALSE,NA
4caf82-SAS72G-2019-03-13-0,2756,EKCH,EGLL,2019-03-13T15:46:05Z,2019-03-13T17:22:17Z,TRUE,27R
4caf82-SAS72G-2019-03-13-0,2756,EKCH,EGLL,NA,NA,TRUE,27R
4caf82-SAS78C-2019-03-13-0,2093,EGLL,EKCH,2019-03-13T18:59:47Z,2019-03-13T20:30:54Z,FALSE,NA
4caf82-SAS78C-2019-03-13-0,2093,EGLL,EKCH,NA,NA,FALSE,NA
4cafcc-SAS1507-2019-03-13-0,2451,EKCH,EGLL,2019-03-13T18:33:11Z,2019-03-13T20:01:56Z,TRUE,27R
4cafcc-SAS1507-2019-03-13-0,2451,EKCH,EGLL,NA,NA,TRUE,27R
4cafcc-SAS1508-2019-03-13-0,1983,EGLL,EKCH,2019-03-13T21:04:52Z,2019-03-13T22:29:26Z,FALSE,NA
4cafcc-SAS503-2019-03-13-0,3105,EKCH,EGLL,2019-03-13T11:27:19Z,2019-03-13T13:10:22Z,TRUE,27L
4cafcc-SAS503-2019-03-13-0,3105,EKCH,EGLL,NA,NA,TRUE,27L
4cafcc-SAS88C-2019-03-13-0,1925,EGLL,EKCH,2019-03-13T14:20:18Z,2019-03-13T15:43:13Z,FALSE,NA
4cafcd-SAS805-2019-03-13-0,2651,NA,EGLL,2019-03-13T15:55:44Z,2019-03-13T17:42:59Z,TRUE,27R
4cafcd-SAS805-2019-03-13-0,2651,NA,EGLL,NA,NA,TRUE,27R
4cafcd-SAS806-2019-03-13-0,2286,EGLL,ENSI,2019-03-13T18:48:34Z,2019-03-13T20:32:29Z,FALSE,NA
4cafcd-SAS806-2019-03-13-0,2286,EGLL,ENSI,NA,NA,FALSE,NA
4cafcd-SAS815-2019-03-13-0,2256,ENGM,EGLL,2019-03-13T21:50:58Z,2019-03-13T23:32:37Z,TRUE,27R
4cafcd-SAS815-2019-03-13-0,2256,ENGM,EGLL,NA,NA,TRUE,27R
4cafce-SAS1501-2019-03-13-0,2282,EKCH,EGLL,2019-03-13T20:00:08Z,2019-03-13T21:25:44Z,TRUE,27R
4cafce-SAS1501-2019-03-13-0,2282,EKCH,EGLL,NA,NA,TRUE,27R
4cafce-SAS502-2019-03-13-0,1994,EGLL,EKCH,2019-03-13T10:34:32Z,2019-03-13T12:02:10Z,FALSE,NA
4cafce-SAS502-2019-03-13-0,1994,EGLL,EKCH,NA,NA,FALSE,NA
4cafce-SAS505-2019-03-13-0,2543,EKCH,EGLL,2019-03-13T14:15:10Z,2019-03-13T15:48:41Z,TRUE,27R
4cafce-SAS506-2019-03-13-0,1992,EGLL,EKCH,2019-03-13T17:21:54Z,2019-03-13T18:50:58Z,FALSE,NA
4cafce-SAS51M-2019-03-13-0,3190,EKCH,EGLL,2019-03-13T07:15:16Z,2019-03-13T09:01:59Z,TRUE,27L
4cafce-SAS51M-2019-03-13-0,3190,EKCH,EGLL,NA,NA,TRUE,27L
4cc278-ICE450-2019-03-13-0,3069,BIKF,EGLL,2019-03-13T09:15:34Z,2019-03-13T10:30:25Z,TRUE,27L
4cc278-ICE450-2019-03-13-0,3069,BIKF,EGLL,NA,NA,TRUE,27L
4cc278-ICE451-2019-03-13-0,2166,EGLL,BIKF,2019-03-13T12:38:45Z,2019-03-13T13:59:59Z,FALSE,NA
4cc278-ICE451-2019-03-13-0,2166,EGLL,BIKF,NA,NA,FALSE,NA
4cc2a7-ICE454-2019-03-13-0,2279,BIKF,EGLL,2019-03-13T17:44:10Z,2019-03-13T18:47:22Z,TRUE,27R
4cc2a7-ICE455-2019-03-13-0,2498,EGLL,BIKF,2019-03-13T20:47:29Z,2019-03-13T22:19:36Z,FALSE,NA
4cc2a7-ICE455-2019-03-13-0,2498,EGLL,BIKF,NA,NA,FALSE,NA
4d2020-AMC102-2019-03-13-0,2892,NA,EGLL,2019-03-13T16:22:21Z,2019-03-13T19:15:26Z,TRUE,27R
4d2020-AMC102-2019-03-13-0,2892,NA,EGLL,NA,NA,TRUE,27R
4d2020-AMC103-2019-03-13-0,1662,EGLL,NA,2019-03-13T20:46:21Z,2019-03-13T22:54:45Z,FALSE,NA
4d2020-AMC103-2019-03-13-0,1662,EGLL,NA,NA,NA,FALSE,NA
4d2026-AMC100A-2019-03-13-0,3294,UUEE,EGLL,2019-03-13T07:30:12Z,2019-03-13T10:28:42Z,TRUE,27L
4d2026-AMC100A-2019-03-13-0,3294,UUEE,EGLL,NA,NA,TRUE,27L
4d2026-AMC101-2019-03-13-0,1700,EGLL,NA,2019-03-13T11:41:46Z,2019-03-13T13:59:09Z,FALSE,NA
4d2026-AMC101-2019-03-13-0,1700,EGLL,NA,NA,NA,FALSE,NA
5000bb-MEA201-2019-03-13-0,3840,NA,EGLL,2019-03-13T07:10:46Z,2019-03-13T11:29:23Z,TRUE,27L
5000bb-MEA201-2019-03-13-0,3840,NA,EGLL,NA,NA,TRUE,27L
5000bb-MEA202-2019-03-13-0,1711,EGLL,NA,2019-03-13T13:16:56Z,2019-03-13T16:31:52Z,FALSE,NA
501d21-CTN82R-2019-03-13-0,2683,LDZA,EGLL,2019-03-13T13:51:36Z,2019-03-13T16:04:05Z,TRUE,27R
501d21-CTN82R-2019-03-13-0,2683,LDZA,EGLL,NA,NA,TRUE,27R
501d21-CTN82W-2019-03-13-0,1748,EGLL,LDZA,2019-03-13T17:21:03Z,2019-03-13T19:04:59Z,FALSE,NA
70204a-BBC001-2019-03-13-0,2692,NA,EGLL,2019-03-13T13:49:05Z,2019-03-13T17:38:37Z,TRUE,27R
70204a-BBC001-2019-03-13-0,2692,NA,EGLL,NA,NA,TRUE,27R
70204a-BBC202-2019-03-13-0,1665,EGLL,NA,2019-03-13T20:08:50Z,2019-03-13T23:24:28Z,FALSE,NA
706059-KAC101-2019-03-13-0,3189,NA,EGLL,2019-03-13T09:22:11Z,2019-03-13T13:15:18Z,TRUE,27L
706059-KAC101-2019-03-13-0,3189,NA,EGLL,NA,NA,TRUE,27L
706059-KAC102-2019-03-13-0,1769,EGLL,NA,2019-03-13T16:13:17Z,2019-03-13T19:22:28Z,FALSE,NA
70605c-KAC103-2019-03-13-0,3423,NA,EGLL,2019-03-13T04:39:31Z,2019-03-13T08:41:40Z,TRUE,27L
70605c-KAC103-2019-03-13-0,3423,NA,EGLL,NA,NA,TRUE,27L
70605c-KAC104-2019-03-13-0,1795,EGLL,NA,2019-03-13T11:09:04Z,2019-03-13T14:32:39Z,FALSE,NA
70c0f9-OMA103-2019-03-13-0,2365,NA,EGLL,2019-03-13T02:00:50Z,2019-03-13T05:43:59Z,TRUE,27R
70c0f9-OMA104-2019-03-13-0,1657,EGLL,NA,2019-03-13T09:42:07Z,2019-03-13T12:59:46Z,FALSE,NA
70c0f9-OMA104-2019-03-13-0,1657,EGLL,NA,NA,NA,FALSE,NA
70c0fd-OMA101-2019-03-13-0,2251,NA,EGLL,2019-03-13T14:16:57Z,2019-03-13T17:57:41Z,TRUE,27R
70c0fd-OMA102-2019-03-13-0,1655,EGLL,NA,2019-03-13T20:41:06Z,2019-03-13T23:59:59Z,FALSE,NA
70c0fd-OMA102-2019-03-13-0,1655,EGLL,NA,NA,NA,FALSE,NA
7103d8-SVA104-2019-03-13-0,1556,EGLL,OETH,2019-03-13T17:38:20Z,2019-03-13T19:50:33Z,FALSE,NA
7103d8-SVA104-2019-03-13-0,1556,EGLL,OETH,NA,NA,FALSE,NA
7103d8-SVA117-2019-03-13-0,2882,OERK,EGLL,2019-03-13T11:34:15Z,2019-03-13T15:31:59Z,TRUE,27R
7103d8-SVA117-2019-03-13-0,2882,OERK,EGLL,NA,NA,TRUE,27R
71c008-KAL907-2019-03-13-0,2299,NA,EGLL,2019-03-13T13:22:03Z,2019-03-13T16:27:12Z,TRUE,27R
71c008-KAL907-2019-03-13-0,2299,NA,EGLL,NA,NA,TRUE,27R
71c079-AAR521-2019-03-13-0,2247,RJBB,EGLL,2019-03-13T14:22:44Z,2019-03-13T17:28:15Z,TRUE,27R
71c079-AAR521-2019-03-13-0,2247,RJBB,EGLL,NA,NA,TRUE,27R
7380c4-ELY317-2019-03-13-0,2568,NA,EGLL,2019-03-13T16:21:11Z,2019-03-13T20:08:29Z,TRUE,27R
7380c4-ELY317-2019-03-13-0,2568,NA,EGLL,NA,NA,TRUE,27R
7380c4-ELY318-2019-03-13-0,1621,EGLL,NA,2019-03-13T22:52:27Z,2019-03-13T23:59:59Z,FALSE,NA
7380c4-ELY318-2019-03-13-0,1621,EGLL,NA,NA,NA,FALSE,NA
7380c5-ELY315-2019-03-13-0,3306,NA,EGLL,2019-03-13T08:30:44Z,2019-03-13T12:30:16Z,TRUE,27L
7380c5-ELY315-2019-03-13-0,3306,NA,EGLL,NA,NA,TRUE,27L
7380c5-ELY316-2019-03-13-0,1752,EGLL,NA,2019-03-13T15:04:50Z,2019-03-13T18:07:52Z,FALSE,NA
740827-RJA111-2019-03-13-0,2382,NA,EGLL,2019-03-13T12:09:25Z,2019-03-13T14:31:05Z,TRUE,27L
740827-RJA111-2019-03-13-0,2382,NA,EGLL,NA,NA,TRUE,27L
740827-RJA112-2019-03-13-0,1613,EGLL,NA,2019-03-13T16:24:33Z,2019-03-13T19:38:16Z,FALSE,NA
748026-MEA203-2019-03-13-0,2666,NA,EGLL,2019-03-13T16:30:21Z,2019-03-13T20:33:39Z,TRUE,27R
748026-MEA203-2019-03-13-0,2666,NA,EGLL,NA,NA,TRUE,27R
748026-MEA204-2019-03-13-0,1722,EGLL,NA,2019-03-13T22:18:14Z,2019-03-13T23:59:59Z,FALSE,NA
750449-MAS2-2019-03-13-0,2457,WMKK,EGLL,2019-03-13T01:43:11Z,2019-03-13T05:30:28Z,TRUE,27R
750449-MAS2-2019-03-13-0,2457,WMKK,EGLL,NA,NA,TRUE,27R
750449-MAS3-2019-03-13-0,1837,EGLL,WMKK,2019-03-13T10:50:42Z,2019-03-13T13:59:59Z,FALSE,NA
750449-MAS3-2019-03-13-0,1837,EGLL,WMKK,NA,NA,FALSE,NA
75044a-MAS1-2019-03-13-0,1734,EGLL,WMKK,2019-03-13T21:41:06Z,2019-03-13T23:59:59Z,FALSE,NA
75044a-MAS1-2019-03-13-0,1734,EGLL,WMKK,NA,NA,FALSE,NA
75044a-MAS4-2019-03-13-0,2682,WMKK,EGLL,2019-03-13T11:20:41Z,2019-03-13T15:09:21Z,TRUE,27R
75044a-MAS4-2019-03-13-0,2682,WMKK,EGLL,NA,NA,TRUE,27R
7608ea-PIA785-2019-03-13-0,2288,EGLL,EGLL,2019-03-13T10:57:51Z,2019-03-13T14:41:29Z,TRUE,27L
7608ea-PIA786-2019-03-13-0,1907,EGLL,NA,2019-03-13T20:42:36Z,2019-03-13T23:15:53Z,FALSE,NA
7608ea-PIA786-2019-03-13-0,1907,EGLL,NA,NA,NA,FALSE,NA
7608ec-PIA787-2019-03-13-0,2189,NA,EGLL,2019-03-13T12:59:20Z,2019-03-13T16:05:24Z,TRUE,27R
7608ec-PIA787-2019-03-13-0,2189,NA,EGLL,NA,NA,TRUE,27R
7608ec-PIA788-2019-03-13-0,1685,EGLL,NA,2019-03-13T18:16:41Z,2019-03-13T20:51:18Z,FALSE,NA
76cd71-SIA308-2019-03-13-0,2823,NA,EGLL,2019-03-13T11:41:54Z,2019-03-13T15:30:20Z,TRUE,27R
76cd71-SIA308-2019-03-13-0,2823,NA,EGLL,NA,NA,TRUE,27R
76cd71-SIA321-2019-03-13-0,1675,EGLL,NA,2019-03-13T22:14:49Z,2019-03-13T23:59:59Z,FALSE,NA
76cd76-SIA317-2019-03-13-0,1866,EGLL,NA,2019-03-13T11:15:22Z,2019-03-13T13:59:59Z,FALSE,NA
76cd76-SIA322-2019-03-13-0,2386,NA,EGLL,2019-03-13T02:12:58Z,2019-03-13T05:55:42Z,TRUE,27R
76cdc1-SIA318-2019-03-13-0,2297,NA,EGLL,2019-03-13T14:57:16Z,2019-03-13T18:35:59Z,TRUE,27R
76cdc1-SIA318-2019-03-13-0,2297,NA,EGLL,NA,NA,TRUE,27R
76cdc1-SIA319-2019-03-13-0,1669,EGLL,WIDD,2019-03-13T21:03:04Z,2019-03-13T23:59:59Z,FALSE,NA
76ceee-SIA305-2019-03-13-0,1693,EGLL,NA,2019-03-13T09:41:00Z,2019-03-13T12:56:16Z,FALSE,NA
76ceee-SIA305-2019-03-13-0,1693,EGLL,NA,NA,NA,FALSE,NA
76ceee-SIA306-2019-03-13-0,3238,NA,EGLL,2019-03-13T03:23:29Z,2019-03-13T07:20:44Z,TRUE,27L
76ceee-SIA306-2019-03-13-0,3238,NA,EGLL,NA,NA,TRUE,27L
770592-ALK503-2019-03-13-0,2515,NA,EGLL,2019-03-13T15:16:58Z,2019-03-13T19:05:54Z,TRUE,27R
770592-ALK503-2019-03-13-0,2515,NA,EGLL,NA,NA,TRUE,27R
770592-ALK504-2019-03-13-0,1695,EGLL,NA,2019-03-13T21:15:08Z,2019-03-13T23:59:59Z,FALSE,NA
780092-CCA855-2019-03-13-0,2488,NA,EGLL,2019-03-13T12:20:07Z,2019-03-13T15:53:17Z,TRUE,27R
780092-CCA856-2019-03-13-0,1996,EGLL,NA,2019-03-13T17:49:33Z,2019-03-13T21:13:52Z,FALSE,NA
780092-CCA856-2019-03-13-0,1996,EGLL,NA,NA,NA,FALSE,NA
780276-CCA787-2019-03-13-0,3258,NA,EGLL,2019-03-13T03:57:45Z,2019-03-13T07:49:59Z,TRUE,27L
780276-CCA787-2019-03-13-0,3258,NA,EGLL,NA,NA,TRUE,27L
780276-CCA788-2019-03-13-0,1981,EGLL,OMDB,2019-03-13T13:40:59Z,2019-03-13T16:59:59Z,FALSE,NA
780276-CCA788-2019-03-13-0,1981,EGLL,OMDB,NA,NA,FALSE,NA
780708-CSN673-2019-03-13-0,2439,OMDB,EGLL,2019-03-13T15:00:44Z,2019-03-13T18:08:49Z,TRUE,27R
780708-CSN673-2019-03-13-0,2439,OMDB,EGLL,NA,NA,TRUE,27R
7809dc-CHH421-2019-03-13-0,2600,NA,EGLL,2019-03-13T14:25:53Z,2019-03-13T17:24:58Z,TRUE,27R
7809dc-CHH421-2019-03-13-0,2600,NA,EGLL,NA,NA,TRUE,27R
780a19-CPA251-2019-03-13-0,2377,NA,EGLL,2019-03-13T01:27:18Z,2019-03-13T05:12:38Z,TRUE,27R
780a19-CPA251-2019-03-13-0,2377,NA,EGLL,NA,NA,TRUE,27R
780a19-CPA252-2019-03-13-0,1829,EGLL,VHHH,2019-03-13T11:44:30Z,2019-03-13T15:13:40Z,FALSE,NA
780a19-CPA252-2019-03-13-0,1829,EGLL,VHHH,NA,NA,FALSE,NA
780a3a-CPA253-2019-03-13-0,2310,NA,EGLL,2019-03-13T19:10:48Z,2019-03-13T20:14:42Z,TRUE,27R
780a3a-CPA253-2019-03-13-0,2310,NA,EGLL,NA,NA,TRUE,27R
780a5b-CPA250-2019-03-13-0,1815,EGLL,VHHH,2019-03-13T18:40:12Z,2019-03-13T22:11:24Z,FALSE,NA
780a5b-CPA250-2019-03-13-0,1815,EGLL,VHHH,NA,NA,FALSE,NA
780a5b-CPA255-2019-03-13-0,3363,NA,EGLL,2019-03-13T02:23:14Z,2019-03-13T06:25:54Z,TRUE,27R
780a5b-CPA255-2019-03-13-0,3363,NA,EGLL,NA,NA,TRUE,27R
780a98-CPA239-2019-03-13-0,2463,NA,EGLL,2019-03-13T14:08:25Z,2019-03-13T17:16:58Z,TRUE,27R
780a98-CPA239-2019-03-13-0,2463,NA,EGLL,NA,NA,TRUE,27R
780a98-CPA254-2019-03-13-0,1814,EGLL,VABB,2019-03-13T22:32:46Z,2019-03-13T23:59:59Z,FALSE,NA
780a98-CPA254-2019-03-13-0,1814,EGLL,VABB,NA,NA,FALSE,NA
780b14-CSN303-2019-03-13-0,2884,NA,EGLL,2019-03-13T11:00:57Z,2019-03-13T14:07:10Z,TRUE,27L
780b14-CSN303-2019-03-13-0,2884,NA,EGLL,NA,NA,TRUE,27L
780bf6-CCA937-2019-03-13-0,2315,NA,EGLL,2019-03-13T14:12:12Z,2019-03-13T17:09:12Z,TRUE,27R
780bf6-CCA937-2019-03-13-0,2315,NA,EGLL,NA,NA,TRUE,27R
781100-CES551-2019-03-13-0,2499,NA,EGLL,2019-03-13T14:28:47Z,2019-03-13T17:37:22Z,TRUE,27R
781100-CES551-2019-03-13-0,2499,NA,EGLL,NA,NA,TRUE,27R
7c4929-QFA1-2019-03-13-0,2801,NA,EGLL,2019-03-13T02:48:16Z,2019-03-13T06:38:21Z,TRUE,27R
7c4929-QFA1-2019-03-13-0,2801,NA,EGLL,NA,NA,TRUE,27R
7c4929-QFA2-2019-03-13-0,1672,EGLL,NA,2019-03-13T21:11:14Z,2019-03-13T23:59:59Z,FALSE,NA
7c8066-QFA10-2019-03-13-0,1686,EGLL,YPPH,2019-03-13T12:16:28Z,2019-03-13T15:34:07Z,FALSE,NA
7c8066-QFA9-2019-03-13-0,2211,YPPH,EGLL,2019-03-13T01:43:01Z,2019-03-13T05:24:15Z,TRUE,27R
7c8066-QFA9-2019-03-13-0,2211,YPPH,EGLL,NA,NA,TRUE,27R
800387-JAI117-2019-03-13-0,1598,EGLL,VABB,2019-03-13T19:34:22Z,2019-03-13T22:47:01Z,FALSE,NA
800387-JAI117-2019-03-13-0,1598,EGLL,VABB,NA,NA,FALSE,NA
800387-JAI122-2019-03-13-0,2575,VIDP,EGLL,2019-03-13T13:58:16Z,2019-03-13T17:46:53Z,TRUE,27R
800389-JAI119-2019-03-13-0,1715,EGLL,VABB,2019-03-13T10:37:33Z,2019-03-13T13:54:37Z,FALSE,NA
800389-JAI120-2019-03-13-0,3080,VABB,EGLL,2019-03-13T03:30:59Z,2019-03-13T07:29:23Z,TRUE,27L
800389-JAI120-2019-03-13-0,3080,VABB,EGLL,NA,NA,TRUE,27L
8005f0-AIC161-2019-03-13-0,3215,VIDP,EGLL,2019-03-13T06:11:04Z,2019-03-13T10:08:40Z,TRUE,27L
8005f0-AIC161-2019-03-13-0,3215,VIDP,EGLL,NA,NA,TRUE,27L
8005f0-AIC162-2019-03-13-0,1810,EGLL,VIDP,2019-03-13T12:35:35Z,2019-03-13T15:54:40Z,FALSE,NA
8005f0-AIC162-2019-03-13-0,1810,EGLL,VIDP,NA,NA,FALSE,NA
800666-JAI115-2019-03-13-0,1643,EGLL,VABB,2019-03-13T16:22:13Z,2019-03-13T19:33:53Z,FALSE,NA
800666-JAI116-2019-03-13-0,2929,VABB,EGLL,2019-03-13T10:27:19Z,2019-03-13T14:16:39Z,TRUE,27L
800738-AIC112-2019-03-13-0,1652,EGLL,VIDP,2019-03-13T21:37:48Z,2019-03-13T23:59:59Z,FALSE,NA
800738-AIC112-2019-03-13-0,1652,EGLL,VIDP,NA,NA,FALSE,NA
80073c-AIC130-2019-03-13-0,1894,EGLL,VABB,2019-03-13T14:35:41Z,2019-03-13T17:54:40Z,FALSE,NA
80073c-AIC130-2019-03-13-0,1894,EGLL,VABB,NA,NA,FALSE,NA
80073c-AIC131-2019-03-13-0,3331,VABB,EGLL,2019-03-13T08:30:15Z,2019-03-13T12:32:18Z,TRUE,27L
80073c-AIC131-2019-03-13-0,3331,VABB,EGLL,NA,NA,TRUE,27L
80073d-AIC171-2019-03-13-0,3505,NA,EGLL,2019-03-13T07:54:02Z,2019-03-13T11:55:55Z,TRUE,27L
80073d-AIC171-2019-03-13-0,3505,NA,EGLL,NA,NA,TRUE,27L
80073d-AIC178-2019-03-13-0,1836,EGLL,VOBL,2019-03-13T14:03:46Z,2019-03-13T17:21:10Z,FALSE,NA
800742-AIC111-2019-03-13-0,2451,VIDP,EGLL,2019-03-13T16:53:46Z,2019-03-13T20:36:17Z,TRUE,27R
800742-AIC111-2019-03-13-0,2451,VIDP,EGLL,NA,NA,TRUE,27R
800742-AIC112D-2019-03-13-0,1611,EGLL,VIDP,2019-03-13T22:34:10Z,2019-03-13T23:59:59Z,FALSE,NA
800742-AIC112D-2019-03-13-0,1611,EGLL,VIDP,NA,NA,FALSE,NA
8007db-JAI118-2019-03-13-0,2470,VABB,EGLL,2019-03-13T17:01:56Z,2019-03-13T20:46:27Z,TRUE,27R
8007db-JAI121-2019-03-13-0,1609,EGLL,VIDP,2019-03-13T22:44:34Z,2019-03-13T23:59:59Z,FALSE,NA
8007db-JAI121-2019-03-13-0,1609,EGLL,VIDP,NA,NA,FALSE,NA
867ff0-JAL43-2019-03-13-0,2335,NA,EGLL,NA,NA,TRUE,27L
867ff0-JAL43-2019-03-13-0,2335,NA,EGLL,2019-03-13T11:47:46Z,2019-03-13T14:38:54Z,TRUE,27L
8694fa-ANA211-2019-03-13-0,2511,NA,EGLL,2019-03-13T11:48:51Z,2019-03-13T14:56:59Z,TRUE,27L
86d9fc-JAL41-2019-03-13-0,3694,NA,EGLL,2019-03-13T02:50:38Z,2019-03-13T06:17:05Z,TRUE,27R
86d9fc-JAL41-2019-03-13-0,3694,NA,EGLL,NA,NA,TRUE,27R
86d9fc-JAL42-2019-03-13-0,1857,EGLL,RJTK,2019-03-13T10:16:02Z,2019-03-13T12:57:48Z,FALSE,NA
88516b-THA916-2019-03-13-0,2898,NA,EGLL,2019-03-13T15:50:48Z,2019-03-13T19:41:22Z,TRUE,27R
88516b-THA916-2019-03-13-0,2898,NA,EGLL,NA,NA,TRUE,27R
88516b-THA917-2019-03-13-0,1595,EGLL,NA,2019-03-13T21:51:37Z,2019-03-13T23:59:59Z,FALSE,NA
88516b-THA917-2019-03-13-0,1595,EGLL,NA,NA,NA,FALSE,NA
8852a4-THA910-2019-03-13-0,2903,NA,EGLL,2019-03-13T03:16:33Z,2019-03-13T06:50:53Z,TRUE,27R
8852a4-THA911-2019-03-13-0,1854,EGLL,NA,2019-03-13T12:07:01Z,2019-03-13T14:59:49Z,FALSE,NA
88812b-HVN51-2019-03-13-0,3319,NA,EGLL,2019-03-13T04:29:54Z,2019-03-13T08:28:36Z,TRUE,27L
88812b-HVN51-2019-03-13-0,3319,NA,EGLL,NA,NA,TRUE,27L
89408e-GFA003-2019-03-13-0,2240,OBBI,EGLL,2019-03-13T10:45:28Z,2019-03-13T14:25:47Z,TRUE,27L
89408e-GFA003-2019-03-13-0,2240,OBBI,EGLL,NA,NA,TRUE,27L
89408e-GFA006-2019-03-13-0,1858,EGLL,OBBI,2019-03-13T22:08:40Z,2019-03-13T23:59:59Z,FALSE,NA
894097-GFA002-2019-03-13-0,1924,EGLL,OBBI,2019-03-13T10:05:14Z,2019-03-13T13:28:50Z,FALSE,NA
894097-GFA007-2019-03-13-0,3378,OBBI,EGLL,2019-03-13T02:31:13Z,2019-03-13T06:39:59Z,TRUE,27L
894097-GFA007-2019-03-13-0,3378,OBBI,EGLL,NA,NA,TRUE,27L
89505b-RBA003-2019-03-13-0,3573,NA,EGLL,2019-03-13T04:38:49Z,2019-03-13T08:40:15Z,TRUE,27L
89505b-RBA003-2019-03-13-0,3573,NA,EGLL,NA,NA,TRUE,27L
89505b-RBA004-2019-03-13-0,1671,EGLL,WBSB,2019-03-13T18:01:05Z,2019-03-13T21:15:35Z,FALSE,NA
8960e7-UAE2-2019-03-13-0,1747,EGLL,OMDB,2019-03-13T14:14:43Z,2019-03-13T17:28:17Z,FALSE,NA
8960e7-UAE6VH-2019-03-13-0,3644,OMDB,EGLL,2019-03-13T07:45:46Z,2019-03-13T11:48:29Z,TRUE,27R
8960e7-UAE6VH-2019-03-13-0,3644,OMDB,EGLL,NA,NA,TRUE,27R
8960eb-UAE3JF-2019-03-13-0,2753,OMDB,EGLL,2019-03-13T03:07:28Z,2019-03-13T06:59:27Z,TRUE,27R
8960eb-UAE7CN-2019-03-13-0,1904,EGLL,OMDB,2019-03-13T09:31:17Z,2019-03-13T12:49:02Z,FALSE,NA
8960eb-UAE7CN-2019-03-13-0,1904,EGLL,OMDB,NA,NA,FALSE,NA
8960f3-UAE4CK-2019-03-13-0,2204,OMDB,EGLL,2019-03-13T16:13:48Z,2019-03-13T19:50:57Z,TRUE,27R
8960f3-UAE6-2019-03-13-0,1669,EGLL,OMDB,2019-03-13T22:28:22Z,2019-03-13T23:59:59Z,FALSE,NA
8960f5-UAE4-2019-03-13-0,1762,EGLL,OMDB,2019-03-13T20:51:16Z,2019-03-13T23:59:59Z,FALSE,NA
8960f5-UAE4-2019-03-13-0,1762,EGLL,OMDB,NA,NA,FALSE,NA
8960f5-UAE9WL-2019-03-13-0,2168,OMDB,EGLL,2019-03-13T14:23:57Z,2019-03-13T18:01:44Z,TRUE,27R
8960f5-UAE9WL-2019-03-13-0,2168,OMDB,EGLL,NA,NA,TRUE,27R
8960f6-UAE29-2019-03-13-0,2973,OMDB,EGLL,2019-03-13T09:51:14Z,2019-03-13T13:36:58Z,TRUE,27L
8960f6-UAE79Y-2019-03-13-0,1666,EGLL,OMDB,2019-03-13T16:31:50Z,2019-03-13T19:44:40Z,FALSE,NA
89631d-UAE9943-2019-03-13-0,2366,NA,EGLL,2019-03-13T12:27:54Z,2019-03-13T16:08:55Z,TRUE,27R
89631d-UAE9943-2019-03-13-0,2366,NA,EGLL,NA,NA,TRUE,27R
89631d-UAE9944-2019-03-13-0,1707,EGLL,OMDW,2019-03-13T20:54:12Z,2019-03-13T23:59:59Z,FALSE,NA
89631d-UAE9944-2019-03-13-0,1707,EGLL,OMDW,NA,NA,FALSE,NA
8963cd-ETD10Y-2019-03-13-0,1757,EGLL,OMAA,2019-03-13T09:52:00Z,2019-03-13T13:07:43Z,FALSE,NA
8963cd-ETD10Y-2019-03-13-0,1757,EGLL,OMAA,NA,NA,FALSE,NA
8963cd-ETD89G-2019-03-13-0,2952,NA,EGLL,2019-03-13T03:05:44Z,2019-03-13T07:02:57Z,TRUE,27L
8963cd-ETD89G-2019-03-13-0,2952,NA,EGLL,NA,NA,TRUE,27L
896439-ETD15R-2019-03-13-0,1671,EGLL,OMAA,2019-03-13T14:39:19Z,2019-03-13T17:59:21Z,FALSE,NA
896439-ETD15R-2019-03-13-0,1671,EGLL,OMAA,NA,NA,FALSE,NA
896439-ETD59V-2019-03-13-0,3590,NA,EGLL,2019-03-13T07:57:10Z,2019-03-13T11:57:49Z,TRUE,27L
896439-ETD59V-2019-03-13-0,3590,NA,EGLL,NA,NA,TRUE,27L
896459-UAE32-2019-03-13-0,1806,EGLL,OMDB,2019-03-13T19:18:11Z,2019-03-13T22:34:30Z,FALSE,NA
896459-UAE4YG-2019-03-13-0,2325,OMDB,EGLL,2019-03-13T11:59:28Z,2019-03-13T15:42:56Z,TRUE,27R
896463-ETD57Y-2019-03-13-0,2452,NA,EGLL,2019-03-13T14:23:18Z,2019-03-13T18:05:14Z,TRUE,27R
896463-ETD57Y-2019-03-13-0,2452,NA,EGLL,NA,NA,TRUE,27R
896463-ETD69K-2019-03-13-0,1740,EGLL,NA,2019-03-13T21:06:12Z,2019-03-13T23:59:59Z,FALSE,NA
8990da-EVA067-2019-03-13-0,2643,RCTP,EGLL,2019-03-13T16:20:48Z,2019-03-13T20:19:47Z,TRUE,27R
8990da-EVA067-2019-03-13-0,2643,RCTP,EGLL,NA,NA,TRUE,27R
a0a91e-UAL123-2019-03-13-0,1976,EGLL,KIAD,2019-03-13T07:38:29Z,2019-03-13T08:34:02Z,FALSE,NA
a0a91e-UAL123-2019-03-13-0,1976,EGLL,KIAD,NA,NA,FALSE,NA
a0f4b5-DAL11-2019-03-13-0,2206,EGLL,KMSP,2019-03-13T12:23:11Z,2019-03-13T13:44:56Z,FALSE,NA
a0f4b5-DAL58-2019-03-13-0,2851,KBOS,EGLL,2019-03-13T05:03:35Z,2019-03-13T06:18:47Z,TRUE,27L
a0f4b5-DAL58-2019-03-13-0,2851,KBOS,EGLL,NA,NA,TRUE,27L
a0f828-DAL9856-2019-03-13-0,3131,KBOS,EGLL,2019-03-13T07:16:45Z,2019-03-13T08:36:04Z,TRUE,27L
a0f828-DAL9856-2019-03-13-0,3131,KBOS,EGLL,NA,NA,TRUE,27L
a16c3a-DAL10-2019-03-13-0,2641,KMSP,EGLL,2019-03-13T05:29:26Z,2019-03-13T06:41:45Z,TRUE,27R
a16c3a-DAL10-2019-03-13-0,2641,KMSP,EGLL,NA,NA,TRUE,27R
a16c3a-DAL59-2019-03-13-0,1908,EGLL,KOWD,2019-03-13T09:47:14Z,2019-03-13T10:59:59Z,FALSE,NA
a16c3a-DAL59-2019-03-13-0,1908,EGLL,KOWD,NA,NA,FALSE,NA
a1bfb2-UAL122-2019-03-13-0,2311,KIAD,EGLL,2019-03-13T18:53:24Z,2019-03-13T20:03:14Z,TRUE,27R
a1bfb2-UAL122-2019-03-13-0,2311,KIAD,EGLL,NA,NA,TRUE,27R
a1fcc5-UAL918-2019-03-13-0,3154,KIAD,EGLL,2019-03-13T04:52:59Z,2019-03-13T06:12:59Z,TRUE,27L
a1fcc5-UAL918-2019-03-13-0,3154,KIAD,EGLL,NA,NA,TRUE,27L
a1fcc5-UAL949-2019-03-13-0,2252,EGLL,KSFO,2019-03-13T10:28:09Z,2019-03-13T11:52:35Z,FALSE,NA
a1fcc5-UAL949-2019-03-13-0,2252,EGLL,KSFO,NA,NA,FALSE,NA
a2a300-UAL919-2019-03-13-0,1941,EGLL,KIAD,2019-03-13T12:28:19Z,2019-03-13T13:41:12Z,FALSE,NA
a2a300-UAL919-2019-03-13-0,1941,EGLL,KIAD,NA,NA,FALSE,NA
a2a300-UAL924-2019-03-13-0,3204,KIAD,EGLL,2019-03-13T08:38:24Z,2019-03-13T10:01:59Z,TRUE,27L
a2a300-UAL924-2019-03-13-0,3204,KIAD,EGLL,NA,NA,TRUE,27L
a2a693-AAL728-2019-03-13-0,3115,KPHL,EGLL,2019-03-13T07:59:58Z,2019-03-13T09:15:23Z,TRUE,27L
a2a693-AAL728-2019-03-13-0,3115,KPHL,EGLL,NA,NA,TRUE,27L
a2a693-AAL731-2019-03-13-0,1933,EGLL,KCLT,2019-03-13T12:52:03Z,2019-03-13T13:54:37Z,FALSE,NA
a2a693-AAL731-2019-03-13-0,1933,EGLL,KCLT,NA,NA,FALSE,NA
a2aa4a-AAL729-2019-03-13-0,1969,EGLL,KPHL,2019-03-13T13:55:25Z,2019-03-13T14:58:39Z,FALSE,NA
a2aa4a-AAL729-2019-03-13-0,1969,EGLL,KPHL,NA,NA,FALSE,NA
a2aa4a-AAL732-2019-03-13-0,3305,KCLT,EGLL,2019-03-13T08:34:16Z,2019-03-13T09:54:10Z,TRUE,27L
a2aa4a-AAL732-2019-03-13-0,3305,KCLT,EGLL,NA,NA,TRUE,27L
a2ae01-AAL730-2019-03-13-0,2885,KCLT,EGLL,2019-03-13T05:37:09Z,2019-03-13T06:52:39Z,TRUE,27L
a2ae01-AAL733-2019-03-13-0,1939,EGLL,KCLT,2019-03-13T09:36:56Z,2019-03-13T10:39:13Z,FALSE,NA
a2ae01-AAL733-2019-03-13-0,1939,EGLL,KCLT,NA,NA,FALSE,NA
a2b56f-AAL736-2019-03-13-0,2974,KPHL,EGLL,2019-03-13T06:39:56Z,2019-03-13T07:51:56Z,TRUE,27L
a2b56f-AAL737-2019-03-13-0,1930,EGLL,KPHL,2019-03-13T10:36:19Z,2019-03-13T11:38:09Z,FALSE,NA
a2b56f-AAL737-2019-03-13-0,1930,EGLL,KPHL,NA,NA,FALSE,NA
a2cb13-UAL923-2019-03-13-0,3308,KLAX,EGLL,2019-03-13T10:11:45Z,2019-03-13T11:37:21Z,TRUE,27L
a2cb13-UAL923-2019-03-13-0,3308,KLAX,EGLL,NA,NA,TRUE,27L
a2cb13-UAL935-2019-03-13-0,2101,EGLL,KHHR,2019-03-13T14:02:07Z,2019-03-13T15:24:03Z,FALSE,NA
a884b6-UAL938-2019-03-13-0,3392,KORD,EGLL,2019-03-13T09:47:18Z,2019-03-13T11:11:26Z,TRUE,27L
a884b6-UAL938-2019-03-13-0,3392,KORD,EGLL,NA,NA,TRUE,27L
a884b6-UAL959-2019-03-13-0,2021,EGLL,KORD,2019-03-13T14:22:22Z,2019-03-13T15:51:14Z,FALSE,NA
a8a87e-UAL928-2019-03-13-0,2191,EGLL,KORD,2019-03-13T11:13:23Z,2019-03-13T12:33:19Z,FALSE,NA
a8ac35-UAL14-2019-03-13-0,3156,KEWR,EGLL,2019-03-13T05:08:39Z,2019-03-13T06:28:10Z,TRUE,27L
a8ac35-UAL14-2019-03-13-0,3156,KEWR,EGLL,NA,NA,TRUE,27L
a8ac35-UAL15-2019-03-13-0,1959,EGLL,KEWR,2019-03-13T09:28:30Z,2019-03-13T10:30:15Z,FALSE,NA
a8ac35-UAL15-2019-03-13-0,1959,EGLL,KEWR,NA,NA,FALSE,NA
a8b75f-UAL17-2019-03-13-0,1804,EGLL,KEWR,2019-03-13T12:13:22Z,2019-03-13T13:12:34Z,FALSE,NA
a8e8a0-UAL110-2019-03-13-0,2866,KEWR,EGLL,2019-03-13T05:49:53Z,2019-03-13T07:05:21Z,TRUE,27L
a8e8a0-UAL110-2019-03-13-0,2866,KEWR,EGLL,NA,NA,TRUE,27L
a8e8a0-UAL883-2019-03-13-0,1957,EGLL,KEWR,2019-03-13T08:41:06Z,2019-03-13T09:43:38Z,FALSE,NA
a8e8a0-UAL883-2019-03-13-0,1957,EGLL,KEWR,NA,NA,FALSE,NA
a8f00e-UAL929-2019-03-13-0,2275,EGLL,KORD,2019-03-13T10:30:23Z,2019-03-13T11:51:23Z,FALSE,NA
a8f00e-UAL958-2019-03-13-0,2143,K06C,EGLL,2019-03-13T04:03:31Z,2019-03-13T05:03:25Z,TRUE,27R
a8f00e-UAL958-2019-03-13-0,2143,K06C,EGLL,NA,NA,TRUE,27R
a9067b-UAL934-2019-03-13-0,2191,KEWR,EGLL,2019-03-13T18:56:56Z,2019-03-13T20:11:20Z,TRUE,27R
a9067b-UAL934-2019-03-13-0,2191,KEWR,EGLL,NA,NA,TRUE,27R
a92ddf-UAL921-2019-03-13-0,1852,EGLL,KEWR,2019-03-13T17:19:15Z,2019-03-13T18:20:06Z,FALSE,NA
a92ddf-UAL940-2019-03-13-0,3316,KEWR,EGLL,2019-03-13T08:23:14Z,2019-03-13T09:45:59Z,TRUE,27L
a92ddf-UAL940-2019-03-13-0,3316,KEWR,EGLL,NA,NA,TRUE,27L
a9961b-AAL20-2019-03-13-0,3255,KDFW,EGLL,2019-03-13T04:42:11Z,2019-03-13T06:11:17Z,TRUE,27R
a9961b-AAL20-2019-03-13-0,3255,KDFW,EGLL,NA,NA,TRUE,27R
a9961b-AAL51-2019-03-13-0,1933,EGLL,KDFW,2019-03-13T10:14:43Z,2019-03-13T11:36:49Z,FALSE,NA
a99d89-AAL100-2019-03-13-0,3223,KJFK,EGLL,2019-03-13T05:09:09Z,2019-03-13T06:28:59Z,TRUE,27R
a99d89-AAL100-2019-03-13-0,3223,KJFK,EGLL,NA,NA,TRUE,27R
a99d89-AAL39-2019-03-13-0,1816,EGLL,KOPF,2019-03-13T10:17:04Z,2019-03-13T10:52:43Z,FALSE,NA
a9b275-AAL21-2019-03-13-0,1956,EGLL,KDFW,2019-03-13T11:43:39Z,2019-03-13T13:05:33Z,FALSE,NA
a9b275-AAL21-2019-03-13-0,1956,EGLL,KDFW,NA,NA,FALSE,NA
a9b275-AAL50-2019-03-13-0,2597,KDFW,EGLL,2019-03-13T07:46:44Z,2019-03-13T08:59:44Z,TRUE,27L
a9b62c-AAL109-2019-03-13-0,2199,EGLL,KLAX,2019-03-13T11:46:48Z,2019-03-13T13:10:50Z,FALSE,NA
a9b62c-AAL109-2019-03-13-0,2199,EGLL,KLAX,NA,NA,FALSE,NA
a9b62c-AAL38-2019-03-13-0,3251,NA,EGLL,2019-03-13T07:23:55Z,2019-03-13T08:44:38Z,TRUE,27L
a9b62c-AAL38-2019-03-13-0,3251,NA,EGLL,NA,NA,TRUE,27L
a9d286-AAL107-2019-03-13-0,1918,EGLL,KJFK,2019-03-13T16:14:30Z,2019-03-13T17:20:32Z,FALSE,NA
a9d286-AAL108-2019-03-13-0,3078,KLAX,EGLL,2019-03-13T10:56:49Z,2019-03-13T12:15:58Z,TRUE,27L
a9d286-AAL108-2019-03-13-0,3078,KLAX,EGLL,NA,NA,TRUE,27L
a9e60b-N737LE-2019-03-13-0,2583,NA,EGLL,2019-03-13T12:50:34Z,2019-03-13T13:55:16Z,TRUE,27L
aa28f2-AAL142-2019-03-13-0,2139,KJFK,EGLL,2019-03-13T20:26:08Z,2019-03-13T21:32:18Z,TRUE,27R
aa28f2-AAL142-2019-03-13-0,2139,KJFK,EGLL,NA,NA,TRUE,27R
aa2ca9-AAL105-2019-03-13-0,1904,EGLL,KJFK,2019-03-13T14:00:49Z,2019-03-13T14:59:59Z,FALSE,NA
aa3417-AAL101-2019-03-13-0,1988,EGLL,KJFK,2019-03-13T10:56:28Z,2019-03-13T12:08:00Z,FALSE,NA
aa3417-AAL101-2019-03-13-0,1988,EGLL,KJFK,NA,NA,FALSE,NA
aa3417-AAL106-2019-03-13-0,3274,KJFK,EGLL,2019-03-13T06:40:08Z,2019-03-13T08:00:58Z,TRUE,27L
aa3417-AAL106-2019-03-13-0,3274,KJFK,EGLL,NA,NA,TRUE,27L
aa5428-AAL104-2019-03-13-0,2707,KJFK,EGLL,2019-03-13T08:23:04Z,2019-03-13T09:34:19Z,TRUE,27R
aa5428-AAL104-2019-03-13-0,2707,KJFK,EGLL,NA,NA,TRUE,27R
aa5428-AAL135-2019-03-13-0,2252,EGLL,KHHR,2019-03-13T13:27:42Z,2019-03-13T14:53:50Z,FALSE,NA
aa5428-AAL135-2019-03-13-0,2252,EGLL,KHHR,NA,NA,FALSE,NA
aa6ba4-UAL879-2019-03-13-0,1887,EGLL,NA,2019-03-13T09:09:12Z,2019-03-13T10:10:40Z,FALSE,NA
aa6ba4-UAL880-2019-03-13-0,2633,NA,EGLL,2019-03-13T05:41:03Z,2019-03-13T06:53:59Z,TRUE,27R
aa77f0-AAL136-2019-03-13-0,2889,KLAX,EGLL,2019-03-13T12:09:47Z,2019-03-13T13:24:39Z,TRUE,27L
aa77f0-AAL136-2019-03-13-0,2889,KLAX,EGLL,NA,NA,TRUE,27L
aa77f0-AAL141-2019-03-13-0,2051,EGLL,KJFK,2019-03-13T18:51:18Z,2019-03-13T19:59:59Z,FALSE,NA
aa77f0-AAL141-2019-03-13-0,2051,EGLL,KJFK,NA,NA,FALSE,NA
aa92fc-UAL4-2019-03-13-0,2276,EGLL,K9X1,2019-03-13T13:54:35Z,2019-03-13T15:23:25Z,FALSE,NA
aa92fc-UAL5-2019-03-13-0,3264,NA,EGLL,2019-03-13T10:06:41Z,2019-03-13T11:39:09Z,TRUE,27L
aa92fc-UAL5-2019-03-13-0,3264,NA,EGLL,NA,NA,TRUE,27L
aa93c9-UAL16-2019-03-13-0,2803,KEWR,EGLL,2019-03-13T07:43:07Z,2019-03-13T08:57:15Z,TRUE,27L
aa93c9-UAL941-2019-03-13-0,1840,EGLL,KEWR,2019-03-13T16:53:03Z,2019-03-13T17:53:31Z,FALSE,NA
aa93c9-UAL941-2019-03-13-0,1840,EGLL,KEWR,NA,NA,FALSE,NA
aa9800-AMX007-2019-03-13-0,2646,MMMX,EGLL,2019-03-13T13:53:13Z,2019-03-13T15:16:59Z,TRUE,27R
aa9800-AMX007-2019-03-13-0,2646,MMMX,EGLL,NA,NA,TRUE,27R
aa9800-AMX008-2019-03-13-0,1883,EGLL,MMMX,2019-03-13T22:45:47Z,2019-03-13T23:46:16Z,FALSE,NA
aa9800-AMX008-2019-03-13-0,1883,EGLL,MMMX,NA,NA,FALSE,NA
aabbd0-AVA120-2019-03-13-0,2508,NA,EGLL,2019-03-13T15:49:40Z,2019-03-13T16:53:54Z,TRUE,27R
aabd7f-UAL925-2019-03-13-0,1927,EGLL,KIAD,2019-03-13T16:28:51Z,2019-03-13T17:44:06Z,FALSE,NA
aabd7f-UAL925-2019-03-13-0,1927,EGLL,KIAD,NA,NA,FALSE,NA
aabd7f-UAL930-2019-03-13-0,2787,KSFO,EGLL,2019-03-13T12:13:05Z,2019-03-13T13:26:19Z,TRUE,27L
aabd7f-UAL930-2019-03-13-0,2787,KSFO,EGLL,NA,NA,TRUE,27L
aabf80-AAL173-2019-03-13-0,1853,EGLL,KRDU,2019-03-13T12:08:56Z,2019-03-13T13:08:34Z,FALSE,NA
aabf80-AAL174-2019-03-13-0,3120,KRDU,EGLL,2019-03-13T06:38:07Z,2019-03-13T07:56:58Z,TRUE,27L
aad012-UAL900-2019-03-13-0,2274,EGLL,KSFO,2019-03-13T11:36:30Z,2019-03-13T12:56:49Z,FALSE,NA
aad012-UAL900-2019-03-13-0,2274,EGLL,KSFO,NA,NA,FALSE,NA
aad012-UAL901-2019-03-13-0,2802,KSFO,EGLL,2019-03-13T08:19:32Z,2019-03-13T09:32:49Z,TRUE,27R
aad012-UAL901-2019-03-13-0,2802,KSFO,EGLL,NA,NA,TRUE,27R
aad5ca-AAL78-2019-03-13-0,3287,KDFW,EGLL,2019-03-13T09:45:34Z,2019-03-13T11:20:29Z,TRUE,27L
aad5ca-AAL78-2019-03-13-0,3287,KDFW,EGLL,NA,NA,TRUE,27L
aad5ca-AAL79-2019-03-13-0,1934,EGLL,KDFW,2019-03-13T14:34:45Z,2019-03-13T15:59:59Z,FALSE,NA
aad5ca-AAL79-2019-03-13-0,1934,EGLL,KDFW,NA,NA,FALSE,NA
aae1ea-AAL46-2019-03-13-0,3270,KORD,EGLL,2019-03-13T09:55:51Z,2019-03-13T11:32:20Z,TRUE,27L
aae1ea-AAL46-2019-03-13-0,3270,KORD,EGLL,NA,NA,TRUE,27L
aae1ea-AAL91-2019-03-13-0,1876,EGLL,KORD,2019-03-13T16:40:55Z,2019-03-13T17:54:18Z,FALSE,NA
aae1ea-AAL91-2019-03-13-0,1876,EGLL,KORD,NA,NA,FALSE,NA
aaf5b1-DAL1-2019-03-13-0,3152,KJFK,EGLL,2019-03-13T06:04:47Z,2019-03-13T07:24:42Z,TRUE,27L
aaf5b1-DAL1-2019-03-13-0,3152,KJFK,EGLL,NA,NA,TRUE,27L
aaf5b1-DAL2-2019-03-13-0,2076,EGLL,KJFK,2019-03-13T10:48:18Z,2019-03-13T12:05:31Z,FALSE,NA
aaf5b1-DAL2-2019-03-13-0,2076,EGLL,KJFK,NA,NA,FALSE,NA
ab10cb-AAL90-2019-03-13-0,2142,KORD,EGLL,2019-03-13T20:46:52Z,2019-03-13T21:51:02Z,TRUE,27R
ab148e-AAL47-2019-03-13-0,2077,EGLL,KORD,2019-03-13T11:00:13Z,2019-03-13T12:16:00Z,FALSE,NA
ab148e-AAL86-2019-03-13-0,3305,KORD,EGLL,2019-03-13T07:26:59Z,2019-03-13T08:46:49Z,TRUE,27L
ab148e-AAL86-2019-03-13-0,3305,KORD,EGLL,NA,NA,TRUE,27L
ab271f-AAL87-2019-03-13-0,1739,EGLL,KORD,2019-03-13T09:03:21Z,2019-03-13T09:40:41Z,FALSE,NA
abb007-DAL3-2019-03-13-0,3356,KJFK,EGLL,2019-03-13T09:10:27Z,2019-03-13T10:50:16Z,TRUE,27L
abb007-DAL3-2019-03-13-0,3356,KJFK,EGLL,NA,NA,TRUE,27L
abb007-DAL4-2019-03-13-0,2072,EGLL,KJFK,2019-03-13T17:28:03Z,2019-03-13T18:47:41Z,FALSE,NA
abb007-DAL4-2019-03-13-0,2072,EGLL,KJFK,NA,NA,FALSE,NA
abb3be-DAL19-2019-03-13-0,2053,EGLL,NA,2019-03-13T12:42:05Z,2019-03-13T13:57:41Z,FALSE,NA
abb3be-DAL19-2019-03-13-0,2053,EGLL,NA,NA,NA,FALSE,NA
abb3be-DAL30-2019-03-13-0,3402,NA,EGLL,2019-03-13T08:21:54Z,2019-03-13T09:47:51Z,TRUE,27L
abb3be-DAL30-2019-03-13-0,3402,NA,EGLL,NA,NA,TRUE,27L
abb775-DAL16-2019-03-13-0,3405,NA,EGLL,2019-03-13T05:10:49Z,2019-03-13T06:32:29Z,TRUE,27R
abb775-DAL16-2019-03-13-0,3405,NA,EGLL,NA,NA,TRUE,27R
abb775-DAL17-2019-03-13-0,2012,EGLL,NA,2019-03-13T10:26:45Z,2019-03-13T11:42:20Z,FALSE,NA
abb775-DAL17-2019-03-13-0,2012,EGLL,NA,NA,NA,FALSE,NA
abc29a-DAL32-2019-03-13-0,3536,NA,EGLL,2019-03-13T09:24:34Z,2019-03-13T11:04:27Z,TRUE,27L
abc29a-DAL32-2019-03-13-0,3536,NA,EGLL,NA,NA,TRUE,27L
abc29a-DAL33-2019-03-13-0,2028,EGLL,NA,2019-03-13T15:07:15Z,2019-03-13T16:23:47Z,FALSE,NA
abca08-DAL28-2019-03-13-0,3346,NA,EGLL,2019-03-13T06:40:05Z,2019-03-13T08:02:49Z,TRUE,27L
abca08-DAL28-2019-03-13-0,3346,NA,EGLL,NA,NA,TRUE,27L
abca08-DAL31-2019-03-13-0,1993,EGLL,NA,2019-03-13T11:10:03Z,2019-03-13T12:24:53Z,FALSE,NA
c01040-ACA857-2019-03-13-0,1866,EGLL,CYYZ,2019-03-13T12:26:23Z,2019-03-13T13:37:50Z,FALSE,NA
c01723-ACA848-2019-03-13-0,3103,CYYZ,EGLL,2019-03-13T07:08:38Z,2019-03-13T08:24:52Z,TRUE,27L
c01723-ACA848-2019-03-13-0,3103,CYYZ,EGLL,NA,NA,TRUE,27L
c01723-ACA849-2019-03-13-0,1881,EGLL,CYYZ,2019-03-13T15:36:31Z,2019-03-13T16:47:26Z,FALSE,NA
c01723-ACA849-2019-03-13-0,1881,EGLL,CYYZ,NA,NA,FALSE,NA
c0175a-ACA854-2019-03-13-0,3112,CYVR,EGLL,2019-03-13T10:34:27Z,2019-03-13T11:46:53Z,TRUE,27L
c0175a-ACA854-2019-03-13-0,3112,CYVR,EGLL,NA,NA,TRUE,27L
c0175a-ACA855-2019-03-13-0,2132,EGLL,CYVR,2019-03-13T14:47:03Z,2019-03-13T15:59:59Z,FALSE,NA
c0175a-ACA855-2019-03-13-0,2132,EGLL,CYVR,NA,NA,FALSE,NA
c023bb-ACA858-2019-03-13-0,3224,CYYZ,EGLL,2019-03-13T09:40:34Z,2019-03-13T10:57:49Z,TRUE,27L
c023bb-ACA859-2019-03-13-0,2047,EGLL,CYYZ,2019-03-13T18:17:36Z,2019-03-13T19:42:16Z,FALSE,NA
c023c9-ACA850-2019-03-13-0,3261,CYYC,EGLL,2019-03-13T09:24:18Z,2019-03-13T10:42:40Z,TRUE,27L
c023c9-ACA850-2019-03-13-0,3261,CYYC,EGLL,NA,NA,TRUE,27L
c023c9-ACA851-2019-03-13-0,2184,EGLL,CYYC,2019-03-13T13:52:01Z,2019-03-13T15:16:24Z,FALSE,NA
c023c9-ACA851-2019-03-13-0,2184,EGLL,CYYC,NA,NA,FALSE,NA
c02ee7-ACA868-2019-03-13-0,2241,CYYZ,EGLL,2019-03-13T18:39:46Z,2019-03-13T19:55:06Z,TRUE,27R
c038ca-ACA864-2019-03-13-0,2904,CYUL,EGLL,2019-03-13T05:53:35Z,2019-03-13T07:08:41Z,TRUE,27L
c038ca-ACA864-2019-03-13-0,2904,CYUL,EGLL,NA,NA,TRUE,27L
c038ca-ACA865-2019-03-13-0,1885,EGLL,CYHU,2019-03-13T13:20:14Z,2019-03-13T14:48:19Z,FALSE,NA
c058aa-ACA888-2019-03-13-0,2837,CYOW,EGLL,2019-03-13T08:09:23Z,2019-03-13T09:27:13Z,TRUE,27L
c058aa-ACA888-2019-03-13-0,2837,CYOW,EGLL,NA,NA,TRUE,27L
c058aa-ACA889-2019-03-13-0,1918,EGLL,CYOW,2019-03-13T11:30:47Z,2019-03-13T12:42:37Z,FALSE,NA
c058aa-ACA889-2019-03-13-0,1918,EGLL,CYOW,NA,NA,FALSE,NA
c81e05-ANZ1-2019-03-13-0,2085,EGLL,KLAX,2019-03-13T15:35:35Z,2019-03-13T16:51:51Z,FALSE,NA
c81e05-ANZ1-2019-03-13-0,2085,EGLL,KLAX,NA,NA,FALSE,NA
c81e05-ANZ2-2019-03-13-0,3658,KLAX,EGLL,2019-03-13T09:07:56Z,2019-03-13T10:37:36Z,TRUE,27L
c81e05-ANZ2-2019-03-13-0,3658,KLAX,EGLL,NA,NA,TRUE,27L
e4818a-TAM8084-2019-03-13-0,3080,SBGR,EGLL,2019-03-13T12:43:38Z,2019-03-13T13:34:57Z,TRUE,27L
e4818a-TAM8084-2019-03-13-0,3080,SBGR,EGLL,NA,NA,TRUE,27L
e4818a-TAM8085-2019-03-13-0,1634,EGLL,SBGR,2019-03-13T20:28:51Z,2019-03-13T20:59:59Z,FALSE,NA
